出表日期,年度,季別,公司代號,公司名稱,營業收入,營業成本,原始認列生物資產及農產品之利益（損失）,生物資產當期公允價值減出售成本之變動利益（損失）,營業毛利（毛損）,未實現銷貨（損）益,已實現銷貨（損）益,營業毛利（毛損）淨額,營業費用,其他收益及費損淨額,營業利益（損失）,營業外收入及支出,稅前淨利（淨損）,所得稅費用（利益）,繼續營業單位本期淨利（淨損）,停業單位損益,合併前非屬共同控制股權損益,本期淨利（淨損）,其他綜合損益（淨額）,合併前非屬共同控制股權綜合損益淨額,本期綜合損益總額,淨利（淨損）歸屬於母公司業主,淨利（淨損）歸屬於共同控制下前手權益,淨利（淨損）歸屬於非控制權益,綜合損益總額歸屬於母公司業主,綜合損益總額歸屬於共同控制下前手權益,綜合損益總額歸屬於非控制權益,基本每股盈餘（元）
"115/08/20","115","2","1101","台泥","71289957.00","58298233.00","--","--","12991724.00","--","--","12991724.00","7821547.00","--","5170177.00","1464159.00","6634336.00","2064537.00","4569799.00","--","--","4569799.00","11092920.00","--","15662719.00","3279780.00","--","1290019.00","12009761.00","--","3652958.00","0.38"
"115/08/20","115","2","1102","亞泥","32660010.00","28230836.00","--","--","4429174.00","--","--","4429174.00","1533693.00","--","2895481.00","4768972.00","7664453.00","633989.00","7030464.00","--","--","7030464.00","6205057.00","--","13235521.00","7113707.00","--","-83243.00","12308387.00","--","927134.00","2.13"
"115/08/20","115","2","1103","嘉泥","1355713.00","1074442.00","--","--","281271.00","--","--","281271.00","263292.00","--","17979.00","187614.00","205593.00","24596.00","180997.00","--","--","180997.00","319772.00","--","500769.00","177414.00","--","3583.00","481903.00","--","18866.00","0.27"
"115/08/20","115","2","1104","環泥","3559282.00","2592850.00","--","--","966432.00","--","--","966432.00","419597.00","--","546835.00","344039.00","890874.00","105929.00","784945.00","--","--","784945.00","948027.00","--","1732972.00","772816.00","--","12129.00","1720470.00","--","12502.00","1.13"
"115/08/20","115","2","1108","幸福","1903969.00","1654402.00","--","--","249567.00","--","--","249567.00","116418.00","-27.00","133122.00","-2910.00","130212.00","42405.00","87807.00","--","--","87807.00","29092.00","--","116899.00","87807.00","--","--","116899.00","--","--","0.22"
"115/08/20","115","2","1109","信大","1857847.00","1688329.00","--","--","169518.00","--","--","169518.00","138627.00","--","30891.00","19417.00","50308.00","22897.00","27411.00","--","--","27411.00","203588.00","--","230999.00","50378.00","--","-22967.00","186081.00","--","44918.00","0.15"
"115/08/20","115","2","1110","東泥","1267331.00","1065054.00","--","--","202277.00","--","--","202277.00","90026.00","--","112251.00","107045.00","219296.00","19130.00","200166.00","--","--","200166.00","14888.00","--","215054.00","193373.00","--","6793.00","208308.00","--","6746.00","0.34"
"115/08/20","115","2","1201","味全","10445618.00","7664790.00","--","--","2780828.00","--","--","2780828.00","2826165.00","--","-45337.00","244027.00","198690.00","-45373.00","244063.00","--","--","244063.00","157667.00","--","401730.00","243515.00","--","548.00","401182.00","--","548.00","0.48"
"115/08/20","115","2","1203","味王","2634732.00","1731580.00","--","--","903152.00","--","--","903152.00","505203.00","--","397949.00","59229.00","457178.00","128097.00","329081.00","0.00","--","329081.00","89595.00","--","418676.00","221005.00","--","108076.00","350971.00","--","67705.00","0.93"
"115/08/20","115","2","1210","大成","53866680.00","46483753.00","--","--","7382927.00","--","--","7382927.00","5288445.00","--","2094482.00","11061.00","2105543.00","538731.00","1566812.00","--","--","1566812.00","650804.00","--","2217616.00","1235222.00","--","331590.00","1587093.00","--","630523.00","1.48"
"115/08/20","115","2","1213","大飲","150587.00","153262.00","--","--","-2675.00","--","--","-2675.00","20313.00","--","-22988.00","-7639.00","-30627.00","943.00","-31570.00","--","--","-31570.00","993.00","--","-30577.00","-31570.00","--","--","-30577.00","--","--","-0.56"
"115/08/20","115","2","1215","卜蜂","14401643.00","11770773.00","--","--","2630870.00","--","--","2630870.00","1265574.00","-31542.00","1333754.00","-110523.00","1223231.00","258160.00","965071.00","--","--","965071.00","-397429.00","--","567642.00","954246.00","--","10825.00","556817.00","--","10825.00","3.24"
"115/08/20","115","2","1216","統一","349938252.00","231366231.00","--","--","118572021.00","--","--","118572021.00","98062130.00","--","20509891.00","7295825.00","27805716.00","6783633.00","21022083.00","--","--","21022083.00","4213033.00","--","25235116.00","14550259.00","--","6471824.00","17577338.00","--","7657778.00","2.56"
"115/08/20","115","2","1217","愛之味","2353539.00","1734362.00","--","--","619177.00","--","--","619177.00","599465.00","--","19712.00","98284.00","117996.00","12204.00","105792.00","--","--","105792.00","-99005.00","--","6787.00","91765.00","--","14027.00","-2016.00","--","8803.00","0.19"
"115/08/20","115","2","1218","泰山","5034600.00","4241157.00","--","--","793443.00","314.00","304.00","793433.00","573953.00","-269600.00","-50120.00","-681825.00","-731945.00","54733.00","-786678.00","--","--","-786678.00","-17033.00","--","-803711.00","-786933.00","--","255.00","-800283.00","--","-3428.00","-1.62"
"115/08/20","115","2","1219","福壽","6969192.00","6598824.00","--","1454.00","371822.00","-609.00","361.00","372792.00","573632.00","--","-200840.00","-206695.00","-407535.00","-30443.00","-377092.00","--","--","-377092.00","5949.00","--","-371143.00","-308109.00","--","-68983.00","-303151.00","--","-67992.00","-0.90"
"115/08/20","115","2","1220","台榮","1506585.00","1374930.00","--","--","131655.00","--","--","131655.00","157106.00","--","-25451.00","5779.00","-19672.00","-3002.00","-16670.00","--","--","-16670.00","-608.00","--","-17278.00","-21371.00","--","4701.00","-21588.00","--","4310.00","-0.12"
"115/08/20","115","2","1225","福懋油","6228202.00","5839418.00","30108.00","--","418892.00","161.00","--","418731.00","317370.00","--","101361.00","-204738.00","-103377.00","20136.00","-123513.00","--","--","-123513.00","5492.00","--","-118021.00","-157580.00","--","34067.00","-152088.00","--","34067.00","-0.65"
"115/08/20","115","2","1227","佳格","13933697.00","10681057.00","--","--","3252640.00","--","--","3252640.00","2675057.00","--","577583.00","304796.00","882379.00","144451.00","737928.00","--","--","737928.00","238082.00","--","976010.00","730773.00","--","7155.00","967185.00","--","8825.00","0.80"
"115/08/20","115","2","1229","聯華","5033955.00","3960804.00","--","--","1073151.00","--","--","1073151.00","682244.00","--","390907.00","2109865.00","2500772.00","250126.00","2250646.00","--","--","2250646.00","12400040.00","--","14650686.00","2166988.00","--","83658.00","9058284.00","--","5592402.00","1.19"
"115/08/20","115","2","1231","聯華食","6325950.00","5054327.00","--","--","1271623.00","--","--","1271623.00","797446.00","--","474177.00","304215.00","778392.00","90662.00","687730.00","--","--","687730.00","10503.00","--","698233.00","688496.00","--","-766.00","698241.00","--","-8.00","2.31"
"115/08/20","115","2","1232","大統益","11481997.00","9892302.00","--","--","1589695.00","--","--","1589695.00","629668.00","--","960027.00","26046.00","986073.00","195723.00","790350.00","--","--","790350.00","9509.00","--","799859.00","753144.00","--","37206.00","762653.00","--","37206.00","4.71"
"115/08/20","115","2","1233","天仁","1116827.00","440721.00","--","--","676106.00","--","--","676106.00","621898.00","--","54208.00","9719.00","63927.00","10920.00","53007.00","--","--","53007.00","15172.00","--","68179.00","53007.00","--","0.00","68147.00","--","32.00","0.59"
"115/08/20","115","2","1234","黑松","4436617.00","3225524.00","--","--","1211093.00","--","--","1211093.00","1101051.00","--","110042.00","211686.00","321728.00","80895.00","240833.00","--","--","240833.00","9560.00","--","250393.00","240833.00","--","--","250393.00","--","--","0.60"
"115/08/20","115","2","1235","興泰","93120.00","65952.00","--","--","27168.00","--","--","27168.00","29570.00","--","-2402.00","40044.00","37642.00","1411.00","36231.00","--","--","36231.00","-190846.00","--","-154615.00","31225.00","--","5006.00","-145838.00","--","-8777.00","0.29"
"115/08/20","115","2","1236","宏亞","885268.00","673459.00","--","--","211809.00","--","--","211809.00","244063.00","--","-32254.00","8207.00","-24047.00","-10298.00","-13749.00","--","--","-13749.00","246116.00","--","232367.00","-13749.00","--","--","232367.00","--","--","-0.16"
"115/08/20","115","2","1301","台塑","89239090.00","81703844.00","--","--","7535246.00","--","--","7535246.00","5957378.00","--","1577868.00","12657953.00","14235821.00","315189.00","13920632.00","--","--","13920632.00","200312727.00","--","214233359.00","13920632.00","--","--","214233359.00","--","--","2.19"
"115/08/20","115","2","1303","南亞","152243276.00","128229443.00","--","--","24013833.00","18958.00","--","23994875.00","8895761.00","--","15099114.00","31744935.00","46844049.00","4619050.00","42224999.00","--","--","42224999.00","47928631.00","--","90153630.00","41007916.00","--","1217083.00","88647805.00","--","1505825.00","5.17"
"115/08/20","115","2","1304","台聚","21760221.00","19938079.00","--","--","1822142.00","--","--","1822142.00","2054787.00","--","-232645.00","-1376575.00","-1609220.00","-78042.00","-1531178.00","--","--","-1531178.00","1335546.00","--","-195632.00","-618763.00","--","-912415.00","271189.00","--","-466821.00","-0.58"
"115/08/20","115","2","1305","華夏","5403542.00","4940155.00","--","--","463387.00","--","--","463387.00","458497.00","--","4890.00","-11180.00","-6290.00","-4109.00","-2181.00","--","--","-2181.00","18590.00","--","16409.00","12365.00","--","-14546.00","30943.00","--","-14534.00","0.02"
"115/08/20","115","2","1307","三芳","5663392.00","3880290.00","--","--","1783102.00","--","--","1783102.00","1084974.00","--","698128.00","96902.00","795030.00","213817.00","581213.00","--","--","581213.00","178279.00","--","759492.00","581213.00","--","--","759492.00","--","--","1.46"
"115/08/20","115","2","1308","亞聚","2852287.00","2554418.00","--","--","297869.00","--","--","297869.00","116457.00","--","181412.00","-250030.00","-68618.00","21907.00","-90525.00","--","--","-90525.00","740141.00","--","649616.00","-90525.00","--","--","649616.00","--","--","-0.15"
"115/08/20","115","2","1309","台達化","6173020.00","6017336.00","--","--","155684.00","--","--","155684.00","590026.00","--","-434342.00","-160731.00","-595073.00","-125509.00","-469564.00","--","--","-469564.00","153230.00","--","-316334.00","-469564.00","--","--","-316334.00","--","--","-1.18"
"115/08/20","115","2","1310","台苯","4162400.00","4083389.00","--","--","79011.00","--","--","79011.00","86214.00","--","-7203.00","-544731.00","-551934.00","47712.00","-599646.00","--","--","-599646.00","-533845.00","--","-1133491.00","-598688.00","--","-958.00","-1132535.00","--","-956.00","-1.13"
"115/08/20","115","2","1312","國喬","12914268.00","12936263.00","--","--","-21995.00","--","--","-21995.00","1418513.00","--","-1440508.00","-489288.00","-1929796.00","-48947.00","-1880849.00","--","--","-1880849.00","2929577.00","--","1048728.00","-1857485.00","--","-23364.00","395114.00","--","653614.00","-1.68"
"115/08/20","115","2","1313","聯成","31067465.00","29043083.00","--","--","2024382.00","--","--","2024382.00","1396187.00","--","628195.00","-68698.00","559497.00","144591.00","414906.00","--","--","414906.00","394156.00","--","809062.00","414906.00","--","--","809062.00","--","--","0.31"
"115/08/20","115","2","1314","中石化","7979691.00","8069332.00","--","--","-89641.00","--","--","-89641.00","669108.00","--","-758749.00","-1226890.00","-1985639.00","25.00","-1985664.00","-8426.00","--","-1994090.00","1085717.00","--","-908373.00","-1986324.00","--","-7766.00","-900653.00","--","-7720.00","-0.52"
"115/08/20","115","2","1315","達新","966968.00","840855.00","--","--","126113.00","--","--","126113.00","177755.00","--","-51642.00","119429.00","67787.00","22725.00","45062.00","--","--","45062.00","3571172.00","--","3616234.00","43349.00","--","1713.00","3613193.00","--","3041.00","0.45"
"115/08/20","115","2","1316","上曜","3985276.00","2652774.00","--","--","1332502.00","--","--","1332502.00","1159270.00","--","173232.00","155389.00","328621.00","178803.00","149818.00","--","--","149818.00","21797.00","--","171615.00","-125798.00","--","275616.00","-126657.00","--","298272.00","-0.36"
"115/08/20","115","2","1319","東陽","11293727.00","7621485.00","--","--","3672242.00","--","--","3672242.00","1892349.00","--","1779893.00","398369.00","2178262.00","431807.00","1746455.00","--","--","1746455.00","175800.00","--","1922255.00","1763188.00","--","-16733.00","1920213.00","--","2042.00","2.98"
"115/08/20","115","2","1321","大洋","1904737.00","1679019.00","--","--","225718.00","--","--","225718.00","194391.00","--","31327.00","265223.00","296550.00","125790.00","170760.00","--","--","170760.00","208395.00","--","379155.00","170760.00","--","--","379155.00","--","--","0.77"
"115/08/20","115","2","1323","永裕","1078599.00","864215.00","--","--","214384.00","--","--","214384.00","151146.00","--","63238.00","30192.00","93430.00","675.00","92755.00","--","--","92755.00","74549.00","--","167304.00","92755.00","--","--","167304.00","--","--","1.02"
"115/08/20","115","2","1324","地球","332426.00","270019.00","--","--","62407.00","--","--","62407.00","63953.00","--","-1546.00","3590.00","2044.00","3924.00","-1880.00","--","--","-1880.00","5671.00","--","3791.00","-1880.00","--","--","3791.00","--","--","-0.03"
"115/08/20","115","2","1325","恆大","123378.00","152606.00","--","--","-29228.00","--","--","-29228.00","23528.00","--","-52756.00","20607.00","-32149.00","-4721.00","-27428.00","--","--","-27428.00","13292.00","--","-14136.00","-25851.00","--","-1577.00","-16019.00","--","1883.00","-0.30"
"115/08/20","115","2","1326","台化","168904093.00","157048822.00","--","--","11855271.00","--","--","11855271.00","6803380.00","--","5051891.00","9289057.00","14340948.00","1290941.00","13050007.00","--","--","13050007.00","168178134.00","--","181228141.00","12333837.00","--","716170.00","176525362.00","--","4702779.00","2.11"
"115/08/20","115","2","1339","昭輝","806378.00","603226.00","--","--","203152.00","--","--","203152.00","167878.00","--","35274.00","273295.00","308569.00","24283.00","284286.00","--","--","284286.00","19433.00","--","303719.00","267370.00","--","16916.00","283252.00","--","20467.00","3.61"
"115/08/20","115","2","1342","八貫","1911043.00","1420281.00","--","--","490762.00","--","--","490762.00","140741.00","--","350021.00","22654.00","372675.00","53699.00","318976.00","--","--","318976.00","--","--","318976.00","--","--","--","--","--","--","4.10"
"115/08/20","115","2","1402","遠東新","130564734.00","103410325.00","--","--","27154409.00","--","278.00","27154687.00","17683728.00","645777.00","10116736.00","4107534.00","14224270.00","3285865.00","10938405.00","--","--","10938405.00","4397115.00","--","15335520.00","5825160.00","--","5113245.00","9926393.00","--","5409127.00","1.15"
"115/08/20","115","2","1410","南染","106764.00","69619.00","--","--","37145.00","--","--","37145.00","31810.00","--","5335.00","4865.00","10200.00","5184.00","5016.00","--","--","5016.00","0.00","--","5016.00","7966.00","--","-2950.00","7966.00","--","-2950.00","0.13"
"115/08/20","115","2","1413","宏洲","1007165.00","968734.00","--","--","38431.00","--","--","38431.00","22062.00","--","16369.00","14394.00","30763.00","7902.00","22861.00","--","--","22861.00","0.00","--","22861.00","--","--","--","--","--","--","0.17"
"115/08/20","115","2","1414","東和","240705.00","212357.00","--","--","28348.00","--","--","28348.00","42991.00","--","-14643.00","87293.00","72650.00","-882.00","73532.00","--","--","73532.00","37607.00","--","111139.00","73532.00","--","--","111139.00","--","--","0.37"
"115/08/20","115","2","1416","廣豐","227106.00","136500.00","--","--","90606.00","--","--","90606.00","81637.00","--","8969.00","125185.00","134154.00","6983.00","127171.00","--","--","127171.00","78289.00","--","205460.00","115110.00","--","12061.00","193399.00","--","12061.00","0.62"
"115/08/20","115","2","1417","嘉裕","145264.00","52872.00","--","--","92392.00","--","--","92392.00","105388.00","--","-12996.00","-3626.00","-16622.00","969.00","-17591.00","--","--","-17591.00","87362.00","--","69771.00","-17591.00","--","--","69771.00","--","--","-0.09"
"115/08/20","115","2","1418","東華","3427.00","3248.00","--","--","179.00","--","--","179.00","43675.00","0.00","-43496.00","-48723.00","-92219.00","0.00","-92219.00","--","--","-92219.00","561.00","--","-91658.00","-92216.00","--","-3.00","-91655.00","--","-3.00","-1.70"
"115/08/20","115","2","1419","新紡","2561464.00","1898671.00","--","--","662793.00","--","--","662793.00","429851.00","--","232942.00","3274706.00","3507648.00","156054.00","3351594.00","--","--","3351594.00","2455178.00","--","5806772.00","3351594.00","--","--","5806772.00","--","--","11.20"
"115/08/20","115","2","1423","利華","44399.00","36748.00","--","--","7651.00","--","--","7651.00","16693.00","--","-9042.00","52888.00","43846.00","2877.00","40969.00","--","--","40969.00","63547.00","--","104516.00","--","--","--","--","--","--","0.41"
"115/08/20","115","2","1432","大魯閣","400698.00","339026.00","--","--","61672.00","--","--","61672.00","188223.00","--","-126551.00","-13681.00","-140232.00","-8431.00","-131801.00","--","--","-131801.00","-2162.00","--","-133963.00","-119751.00","--","-12050.00","-122826.00","--","-11137.00","-1.11"
"115/08/20","115","2","1434","福懋","14210123.00","12638181.00","--","--","1571942.00","--","--","1571942.00","1229987.00","--","341955.00","553014.00","894969.00","54110.00","840859.00","--","--","840859.00","6322536.00","--","7163395.00","840859.00","--","0.00","7163395.00","--","0.00","0.50"
"115/08/20","115","2","1435","中福","2991.00","1073.00","--","--","1918.00","0.00","--","1918.00","74295.00","--","-72377.00","-2582.00","-74959.00","0.00","-74959.00","--","--","-74959.00","332.00","--","-74627.00","--","--","--","--","--","--","-0.54"
"115/08/20","115","2","1436","華友聯","483042.00","196263.00","--","--","286779.00","--","--","286779.00","131374.00","--","155405.00","-104852.00","50553.00","24829.00","25724.00","--","--","25724.00","1872.00","--","27596.00","26523.00","--","-799.00","28395.00","--","-799.00","0.14"
"115/08/20","115","2","1437","勤益控","409885.00","142746.00","--","--","267139.00","--","--","267139.00","60905.00","--","206234.00","258879.00","465113.00","50367.00","414746.00","--","--","414746.00","10198.00","--","424944.00","414497.00","--","249.00","424695.00","--","249.00","2.05"
"115/08/20","115","2","1438","三地開發","391694.00","236929.00","--","--","154765.00","0.00","0.00","154765.00","41294.00","--","113471.00","-65485.00","47986.00","23525.00","24461.00","--","--","24461.00","-1368.00","--","23093.00","--","--","--","--","--","--","0.22"
"115/08/20","115","2","1439","雋揚","115426.00","82942.00","--","--","32484.00","--","--","32484.00","32653.00","--","-169.00","116036.00","115867.00","10579.00","105288.00","--","--","105288.00","2123.00","--","107411.00","98908.00","--","6380.00","101031.00","--","6380.00","1.08"
"115/08/20","115","2","1440","南紡","6563340.00","5859926.00","--","--","703414.00","--","--","703414.00","814455.00","--","-111041.00","366967.00","255926.00","23583.00","232343.00","--","--","232343.00","1236432.00","--","1468775.00","225902.00","--","6441.00","1458554.00","--","10221.00","0.14"
"115/08/20","115","2","1441","大東","594701.00","586093.00","--","--","8608.00","--","--","8608.00","80807.00","--","-72199.00","-31889.00","-104088.00","0.00","-104088.00","--","--","-104088.00","3955.00","--","-100133.00","-104088.00","--","0.00","-100133.00","--","0.00","-1.45"
"115/08/20","115","2","1442","名軒","832434.00","417135.00","--","--","415299.00","--","--","415299.00","110505.00","--","304794.00","2315.00","307109.00","45044.00","262065.00","--","--","262065.00","492.00","--","262557.00","262065.00","--","--","262557.00","--","--","0.72"
"115/08/20","115","2","1443","立益物流","463195.00","244195.00","--","--","219000.00","--","--","219000.00","54141.00","--","164859.00","8514.00","173373.00","24055.00","149318.00","--","--","149318.00","-74221.00","--","75097.00","131373.00","--","17945.00","90603.00","--","-15506.00","0.97"
"115/08/20","115","2","1444","力麗","4476454.00","4288953.00","--","--","187501.00","--","-724.00","186777.00","249798.00","--","-63021.00","189981.00","126960.00","11169.00","115791.00","2692.00","--","118483.00","284113.00","--","402596.00","142851.00","--","-24368.00","431209.00","--","-28613.00","0.14"
"115/08/20","115","2","1445","大宇","307109.00","265661.00","--","--","41448.00","--","--","41448.00","62874.00","--","-21426.00","-7508.00","-28934.00","0.00","-28934.00","--","--","-28934.00","104131.00","--","75197.00","-28934.00","--","--","75197.00","--","--","-0.22"
"115/08/20","115","2","1446","宏和","332732.00","196936.00","--","--","135796.00","--","--","135796.00","64971.00","--","70825.00","39674.00","110499.00","4834.00","105665.00","--","--","105665.00","228.00","--","105893.00","105665.00","--","--","105893.00","--","--","0.77"
"115/08/20","115","2","1447","力鵬","16068031.00","15655033.00","--","--","412998.00","480.00","268.00","412786.00","367434.00","--","45352.00","104276.00","149628.00","21630.00","127998.00","--","--","127998.00","667359.00","--","795357.00","100640.00","--","27358.00","604328.00","--","191029.00","0.12"
"115/08/20","115","2","1449","佳和","1841533.00","1602800.00","--","--","238733.00","--","--","238733.00","296225.00","--","-57492.00","74608.00","17116.00","24930.00","-7814.00","--","--","-7814.00","237454.00","--","229640.00","-35590.00","--","27776.00","201198.00","--","28442.00","-0.28"
"115/08/20","115","2","1451","年興","3207569.00","2747935.00","--","--","459634.00","--","--","459634.00","340452.00","--","119182.00","56070.00","175252.00","46321.00","128931.00","--","--","128931.00","97452.00","--","226383.00","128931.00","--","--","226383.00","--","--","0.65"
"115/08/20","115","2","1452","宏益","724288.00","683688.00","--","--","40600.00","--","--","40600.00","46505.00","--","-5905.00","-480.00","-6385.00","2642.00","-9027.00","--","--","-9027.00","59406.00","--","50379.00","-9027.00","--","--","50379.00","--","--","-0.07"
"115/08/20","115","2","1453","大將","754.00","297.00","--","--","457.00","--","--","457.00","18648.00","--","-18191.00","80132.00","61941.00","--","61941.00","--","--","61941.00","--","--","61941.00","61899.00","--","42.00","61899.00","--","42.00","0.55"
"115/08/20","115","2","1454","台富","641555.00","621069.00","--","--","20486.00","--","--","20486.00","78779.00","-207.00","-58500.00","8251.00","-50249.00","-573.00","-49676.00","--","--","-49676.00","-10194.00","--","-59870.00","-49676.00","--","0.00","-59870.00","--","0.00","-0.41"
"115/08/20","115","2","1455","集盛","2869335.00","2619068.00","--","--","250267.00","--","--","250267.00","171862.00","--","78405.00","431613.00","510018.00","25036.00","484982.00","--","--","484982.00","6883.00","--","491865.00","484982.00","--","--","491865.00","--","--","0.91"
"115/08/20","115","2","1456","怡華","367504.00","211754.00","--","--","155750.00","--","--","155750.00","55175.00","--","100575.00","-199885.00","-99310.00","1008.00","-100318.00","--","--","-100318.00","--","--","-100318.00","-100318.00","--","--","-100318.00","--","--","-1.07"
"115/08/20","115","2","1457","宜進","1428012.00","1296537.00","--","--","131475.00","--","--","131475.00","86751.00","89665.00","134389.00","89319.00","223708.00","47051.00","176657.00","--","--","176657.00","17656.00","--","194313.00","132530.00","--","44127.00","148734.00","--","45579.00","0.57"
"115/08/20","115","2","1459","聯發","488149.00","384291.00","--","--","103858.00","--","--","103858.00","56164.00","--","47694.00","391843.00","439537.00","45409.00","394128.00","0.00","--","394128.00","55841.00","--","449969.00","396182.00","--","-2054.00","451947.00","--","-1978.00","1.28"
"115/08/20","115","2","1460","宏遠","3032015.00","2543650.00","--","--","488365.00","--","--","488365.00","560936.00","-2262.00","-74833.00","4529.00","-70304.00","6712.00","-77016.00","--","--","-77016.00","11945.00","--","-65071.00","-77016.00","--","0.00","-65071.00","--","0.00","-0.11"
"115/08/20","115","2","1463","強盛新","115179.00","105326.00","--","--","9853.00","--","--","9853.00","35646.00","--","-25793.00","11348.00","-14445.00","7613.00","-22058.00","--","--","-22058.00","6497.00","--","-15561.00","-21811.00","--","-247.00","-15302.00","--","-259.00","-0.13"
"115/08/20","115","2","1464","得力","5947068.00","4783040.00","--","--","1164028.00","--","--","1164028.00","992422.00","6214.00","177820.00","25005.00","202825.00","61047.00","141778.00","--","--","141778.00","100981.00","--","242759.00","153215.00","--","-11437.00","243200.00","--","-441.00","0.36"
"115/08/20","115","2","1465","偉全","200488.00","202538.00","--","--","-2050.00","--","--","-2050.00","31295.00","--","-33345.00","33789.00","444.00","-18510.00","18954.00","--","--","18954.00","--","--","18954.00","--","--","--","--","--","--","0.18"
"115/08/20","115","2","1466","聚隆","1111491.00","962381.00","--","--","149110.00","--","--","149110.00","121246.00","--","27864.00","17187.00","45051.00","1062.00","43989.00","--","--","43989.00","2720.00","--","46709.00","40973.00","--","3016.00","43693.00","--","3016.00","0.37"
"115/08/20","115","2","1467","南緯","2461491.00","1998048.00","--","--","463443.00","--","--","463443.00","470195.00","--","-6752.00","23541.00","16789.00","27662.00","-10873.00","--","--","-10873.00","59016.00","--","48143.00","-21732.00","--","10859.00","38874.00","--","9269.00","-0.09"
"115/08/20","115","2","1468","昶和","263936.00","183041.00","--","--","80895.00","--","--","80895.00","50652.00","--","30243.00","49324.00","79567.00","30831.00","48736.00","--","--","48736.00","-585.00","--","48151.00","48660.00","--","76.00","44977.00","--","3174.00","0.30"
"115/08/20","115","2","1470","大統新創","371627.00","269988.00","--","--","101639.00","--","--","101639.00","55269.00","271.00","46641.00","15063.00","61704.00","11540.00","50164.00","--","--","50164.00","312.00","--","50476.00","50164.00","--","--","50476.00","--","--","0.58"
"115/08/20","115","2","1471","首利","47348.00","56448.00","--","--","-9100.00","--","--","-9100.00","55791.00","--","-64891.00","88348.00","23457.00","0.00","23457.00","--","--","23457.00","-6806.00","--","16651.00","23480.00","--","-23.00","13383.00","--","3268.00","0.16"
"115/08/20","115","2","1472","三洋實業","1910645.00","1636700.00","--","--","273945.00","--","--","273945.00","61381.00","--","212564.00","5453.00","218017.00","35794.00","182223.00","--","--","182223.00","9939.00","--","192162.00","182363.00","--","-140.00","192302.00","--","-140.00","3.47"
"115/08/20","115","2","1473","台南","3390344.00","2770966.00","--","--","619378.00","--","--","619378.00","546585.00","--","72793.00","44715.00","117508.00","16196.00","101312.00","--","--","101312.00","31177.00","--","132489.00","101312.00","--","--","132489.00","--","--","0.69"
"115/08/20","115","2","1474","弘裕","1370361.00","1227426.00","--","--","142935.00","--","--","142935.00","158429.00","--","-15494.00","23123.00","7629.00","23.00","7606.00","--","--","7606.00","55247.00","--","62853.00","9322.00","--","-1716.00","64040.00","--","-1187.00","0.07"
"115/08/20","115","2","1475","業旺","723654.00","595675.00","--","--","127979.00","--","--","127979.00","65863.00","--","62116.00","34716.00","96832.00","27139.00","69693.00","--","--","69693.00","1078.00","--","70771.00","69693.00","--","--","70771.00","--","--","1.06"
"115/08/20","115","2","1476","儒鴻","19706874.00","13585263.00","--","--","6121611.00","--","--","6121611.00","1991781.00","--","4129830.00","169628.00","4299458.00","912032.00","3387426.00","--","--","3387426.00","109626.00","--","3497052.00","3387426.00","--","--","3497052.00","--","--","12.35"
"115/08/20","115","2","1477","聚陽","17062830.00","12746993.00","--","--","4315837.00","--","--","4315837.00","1852164.00","--","2463673.00","-35180.00","2428493.00","515658.00","1912835.00","--","--","1912835.00","76897.00","--","1989732.00","1887631.00","--","25204.00","1963956.00","--","25776.00","7.65"
"115/08/20","115","2","1503","士電","21121523.00","16254045.00","--","--","4867478.00","--","--","4867478.00","1743573.00","--","3123905.00","238593.00","3362498.00","635331.00","2727167.00","--","--","2727167.00","2417865.00","--","5145032.00","2624521.00","--","102646.00","5007130.00","--","137902.00","5.04"
"115/08/20","115","2","1504","東元","30835311.00","23318727.00","--","--","7516584.00","11897.00","9855.00","7514542.00","4589104.00","--","2925438.00","1785376.00","4710814.00","760995.00","3949819.00","--","--","3949819.00","5518984.00","--","9468803.00","3823511.00","--","126308.00","9379287.00","--","89516.00","1.63"
"115/08/20","115","2","1506","正道","616098.00","528761.00","--","--","87337.00","--","--","87337.00","101373.00","--","-14036.00","-2157.00","-16193.00","-13.00","-16180.00","--","--","-16180.00","26755.00","--","10575.00","-13779.00","--","-2401.00","12146.00","--","-1571.00","-0.05"
"115/08/20","115","2","1512","瑞利","552421.00","368121.00","--","--","184300.00","--","--","184300.00","206650.00","--","-22350.00","24850.00","2500.00","450.00","2050.00","--","--","2050.00","15043.00","--","17093.00","2050.00","--","--","17093.00","--","--","0.02"
"115/08/20","115","2","1513","中興電","14023688.00","10195631.00","--","--","3828057.00","--","--","3828057.00","1114177.00","--","2713880.00","104275.00","2818155.00","584473.00","2233682.00","--","--","2233682.00","896305.00","--","3129987.00","2224039.00","--","9643.00","3112397.00","--","17590.00","4.50"
"115/08/20","115","2","1514","亞力","5345683.00","4315617.00","--","--","1030066.00","0.00","511.00","1030577.00","504723.00","--","525854.00","36378.00","562232.00","109535.00","452697.00","--","--","452697.00","67458.00","--","520155.00","445758.00","--","6939.00","513537.00","--","6618.00","1.65"
"115/08/20","115","2","1515","力山","2222543.00","1914942.00","--","--","307601.00","--","--","307601.00","335522.00","--","-27921.00","58782.00","30861.00","10968.00","19893.00","--","--","19893.00","27052.00","--","46945.00","21533.00","--","-1640.00","48504.00","--","-1559.00","0.12"
"115/08/20","115","2","1516","川飛","54786.00","51649.00","--","--","3137.00","--","--","3137.00","8925.00","--","-5788.00","540.00","-5248.00","-2.00","-5246.00","--","--","-5246.00","--","--","-5246.00","--","--","--","--","--","--","-0.13"
"115/08/20","115","2","1517","利奇","996074.00","984435.00","--","--","11639.00","--","--","11639.00","176989.00","--","-165350.00","45182.00","-120168.00","-18281.00","-101887.00","--","--","-101887.00","85649.00","--","-16238.00","-99271.00","--","-2616.00","-19082.00","--","2844.00","-0.45"
"115/08/20","115","2","1519","華城","10212186.00","5764706.00","--","--","4447480.00","--","--","4447480.00","2233105.00","--","2214375.00","408145.00","2622520.00","610399.00","2012121.00","--","--","2012121.00","39679.00","--","2051800.00","2059763.00","--","-47642.00","2099442.00","--","-47642.00","6.52"
"115/08/20","115","2","1521","大億","2003503.00","1707805.00","--","--","295698.00","--","--","295698.00","235872.00","--","59826.00","10545.00","70371.00","-1563.00","71934.00","--","--","71934.00","0.00","--","71934.00","71934.00","--","--","71934.00","--","--","0.94"
"115/08/20","115","2","1522","堤維西","13344786.00","11112876.00","--","--","2231910.00","3612.00","3819.00","2232117.00","2333979.00","--","-101862.00","-55373.00","-157235.00","-30799.00","-126436.00","--","--","-126436.00","123275.00","--","-3161.00","-178058.00","--","51622.00","-52892.00","--","49731.00","-0.76"
"115/08/20","115","2","1524","耿鼎","1146434.00","815295.00","--","--","331139.00","--","--","331139.00","153426.00","0.00","177713.00","8995.00","186708.00","37573.00","149135.00","--","--","149135.00","33924.00","--","183059.00","--","--","--","--","--","--","0.90"
"115/08/20","115","2","1525","江申","634185.00","537921.00","--","--","96264.00","--","--","96264.00","80565.00","--","15699.00","91822.00","107521.00","117348.00","-9827.00","--","--","-9827.00","180355.00","--","170528.00","-9827.00","--","--","170528.00","--","--","-0.13"
"115/08/20","115","2","1526","日馳","329814.00","273654.00","--","--","56160.00","--","--","56160.00","111184.00","--","-55024.00","-4596.00","-59620.00","-11022.00","-48598.00","--","--","-48598.00","2773.00","--","-45825.00","-48598.00","--","--","-45825.00","--","--","-0.81"
"115/08/20","115","2","1527","鑽全","1332659.00","1122432.00","--","--","210227.00","--","--","210227.00","189504.00","--","20723.00","122042.00","142765.00","27964.00","114801.00","--","--","114801.00","95361.00","--","210162.00","--","--","--","--","--","--","0.83"
"115/08/20","115","2","1528","恩德","1489447.00","1044918.00","--","--","444529.00","--","--","444529.00","504600.00","--","-60071.00","-913.00","-60984.00","54463.00","-115447.00","--","--","-115447.00","82279.00","--","-33168.00","-115327.00","--","-120.00","-33048.00","--","-120.00","-0.60"
"115/08/20","115","2","1529","樂事綠能","440947.00","361981.00","--","--","78966.00","0.00","--","78966.00","33494.00","0.00","45472.00","53682.00","99154.00","8555.00","90599.00","--","--","90599.00","0.00","--","90599.00","81061.00","--","9538.00","81061.00","--","9538.00","0.50"
"115/08/20","115","2","1530","亞崴","912363.00","813156.00","--","--","99207.00","0.00","995.00","100202.00","154912.00","--","-54710.00","66911.00","12201.00","-4683.00","16884.00","--","--","16884.00","33657.00","--","50541.00","19755.00","--","-2871.00","50669.00","--","-128.00","0.21"
"115/08/20","115","2","1531","高林股","781263.00","666326.00","--","--","114937.00","--","--","114937.00","173014.00","--","-58077.00","52852.00","-5225.00","-1195.00","-4030.00","--","--","-4030.00","62707.00","--","58677.00","-4030.00","--","--","58677.00","--","--","-0.02"
"115/08/20","115","2","1532","勤美","6825663.00","5303291.00","--","--","1522372.00","--","--","1522372.00","1275697.00","--","246675.00","-98955.00","147720.00","48806.00","98914.00","--","--","98914.00","436439.00","--","535353.00","42643.00","--","56271.00","409662.00","--","125691.00","0.10"
"115/08/20","115","2","1533","車王電","2706187.00","1956559.00","--","--","749628.00","--","--","749628.00","546487.00","--","203141.00","28783.00","231924.00","-15023.00","246947.00","--","--","246947.00","35151.00","--","282098.00","147828.00","--","99119.00","182979.00","--","99119.00","1.50"
"115/08/20","115","2","1535","中宇","4187134.00","3698746.00","--","--","488388.00","2253.00","3990.00","490125.00","285450.00","--","204675.00","50407.00","255082.00","51735.00","203347.00","--","--","203347.00","78531.00","--","281878.00","203347.00","--","--","281878.00","--","--","1.64"
"115/08/20","115","2","1536","和大","2355217.00","2197600.00","--","--","157617.00","--","--","157617.00","442011.00","--","-284394.00","-61405.00","-345799.00","-32558.00","-313241.00","--","--","-313241.00","47758.00","--","-265483.00","-309617.00","--","-3624.00","-261792.00","--","-3691.00","-1.11"
"115/08/20","115","2","1537","廣隆","3437564.00","2751711.00","--","--","685853.00","--","--","685853.00","299702.00","--","386151.00","51124.00","437275.00","108341.00","328934.00","--","--","328934.00","98124.00","--","427058.00","328934.00","--","--","427058.00","--","--","4.01"
"115/08/20","115","2","1538","正峰","34405.00","29214.00","--","--","5191.00","--","--","5191.00","35640.00","--","-30449.00","-27212.00","-57661.00","-776.00","-56885.00","--","--","-56885.00","25373.00","--","-31512.00","-56917.00","--","32.00","-31544.00","--","32.00","-1.76"
"115/08/20","115","2","1539","巨庭","553592.00","501447.00","--","--","52145.00","--","--","52145.00","44053.00","--","8092.00","9617.00","17709.00","4230.00","13479.00","--","--","13479.00","9.00","--","13488.00","13479.00","--","--","13488.00","--","--","0.21"
"115/08/20","115","2","1540","喬福","201855.00","181316.00","--","--","20539.00","--","--","20539.00","28436.00","--","-7897.00","33769.00","25872.00","5226.00","20646.00","--","--","20646.00","--","--","20646.00","--","--","--","--","--","--","0.24"
"115/08/20","115","2","1541","錩泰","1202080.00","984736.00","--","--","217344.00","--","--","217344.00","183389.00","--","33955.00","20328.00","54283.00","7557.00","46726.00","--","--","46726.00","4428.00","--","51154.00","46726.00","--","--","51154.00","--","--","0.59"
"115/08/20","115","2","1558","伸興","4218267.00","3150068.00","--","--","1068199.00","--","--","1068199.00","720509.00","--","347690.00","215746.00","563436.00","130907.00","432529.00","--","--","432529.00","154312.00","--","586841.00","286460.00","--","146069.00","349449.00","--","237392.00","4.44"
"115/08/20","115","2","1560","中砂","4785896.00","2985139.00","--","--","1800757.00","--","--","1800757.00","752660.00","--","1048097.00","148234.00","1196331.00","218421.00","977910.00","--","--","977910.00","-50699.00","--","927211.00","959735.00","--","18175.00","922085.00","--","5126.00","6.44"
"115/08/20","115","2","1563","巧新","3851728.00","2958263.00","--","--","893465.00","--","--","893465.00","535698.00","--","357767.00","-105818.00","251949.00","49937.00","202012.00","--","--","202012.00","-363.00","--","201649.00","201903.00","--","109.00","201540.00","--","109.00","0.93"
"115/08/20","115","2","1568","倉佑","555087.00","348854.00","--","--","206233.00","--","--","206233.00","88856.00","--","117377.00","17380.00","134757.00","23612.00","111145.00","0.00","--","111145.00","-11748.00","--","99397.00","110410.00","--","735.00","103547.00","--","-4150.00","1.07"
"115/08/20","115","2","1582","信錦","4121675.00","3414512.00","--","--","707163.00","--","--","707163.00","632533.00","--","74630.00","194417.00","269047.00","20871.00","248176.00","--","--","248176.00","334790.00","--","582966.00","238068.00","--","10108.00","564623.00","--","18343.00","1.65"
"115/08/20","115","2","1583","程泰","1976660.00","1603022.00","--","--","373638.00","--","0.00","373638.00","439918.00","--","-66280.00","139786.00","73506.00","3309.00","70197.00","--","--","70197.00","-19324.00","--","50873.00","57785.00","--","12412.00","23222.00","--","27651.00","0.53"
"115/08/20","115","2","1587","吉茂","1352344.00","1116448.00","--","--","235896.00","--","--","235896.00","214348.00","--","21548.00","-33423.00","-11875.00","-4388.00","-7487.00","--","--","-7487.00","54126.00","--","46639.00","-7487.00","--","--","46639.00","--","--","-0.09"
"115/08/20","115","2","1597","直得","757658.00","439360.00","--","--","318298.00","--","--","318298.00","197395.00","--","120903.00","31473.00","152376.00","39117.00","113259.00","--","--","113259.00","9486.00","--","122745.00","113259.00","--","--","122745.00","--","--","1.30"
"115/08/20","115","2","1598","岱宇","2919431.00","1735420.00","--","--","1184011.00","--","--","1184011.00","1254138.00","--","-70127.00","158083.00","87956.00","-368.00","88324.00","--","--","88324.00","43273.00","--","131597.00","106548.00","--","-18224.00","134647.00","--","-3050.00","0.64"
"115/08/20","115","2","1603","華電","2808354.00","2444894.00","--","--","363460.00","--","--","363460.00","93882.00","17634.00","287212.00","-5388.00","281824.00","66444.00","215380.00","--","--","215380.00","742529.00","--","957909.00","215402.00","--","-22.00","940763.00","--","17146.00","1.36"
"115/08/20","115","2","1604","聲寶","4795800.00","3885042.00","--","--","910758.00","--","--","910758.00","643359.00","--","267399.00","167349.00","434748.00","64134.00","370614.00","--","--","370614.00","572134.00","--","942748.00","355207.00","--","15407.00","924712.00","--","18036.00","0.98"
"115/08/20","115","2","1605","華新","90718081.00","83772208.00","--","--","6945873.00","--","--","6945873.00","5672410.00","--","1273463.00","11899503.00","13172966.00","671616.00","12501350.00","--","--","12501350.00","27523706.00","--","40025056.00","12627522.00","--","-126172.00","40175444.00","--","-150388.00","2.85"
"115/08/20","115","2","1608","華榮","6717464.00","5860716.00","--","--","856748.00","--","--","856748.00","156787.00","--","699961.00","2531858.00","3231819.00","139700.00","3092119.00","--","--","3092119.00","2583.00","--","3094702.00","2987014.00","--","105105.00","2989597.00","--","105105.00","7.04"
"115/08/20","115","2","1609","大亞","17764488.00","14445064.00","--","--","3319424.00","374.00","5921.00","3324971.00","1025710.00","--","2299261.00","78332.00","2377593.00","423500.00","1954093.00","--","--","1954093.00","325572.00","--","2279665.00","1757561.00","--","196532.00","2055026.00","--","224639.00","2.24"
"115/08/20","115","2","1611","中電","510235.00","334260.00","--","--","175975.00","--","--","175975.00","144886.00","--","31089.00","123446.00","154535.00","22990.00","131545.00","--","--","131545.00","-35404.00","--","96141.00","131545.00","--","--","96141.00","--","--","0.41"
"115/08/20","115","2","1612","宏泰","3971752.00","3318103.00","--","--","653649.00","--","--","653649.00","146279.00","--","507370.00","434335.00","941705.00","113053.00","828652.00","--","--","828652.00","843325.00","--","1671977.00","828678.00","--","-26.00","1672003.00","--","-26.00","2.62"
"115/08/20","115","2","1614","三洋電","2650358.00","2143750.00","--","--","506608.00","--","--","506608.00","416044.00","--","90564.00","125502.00","216066.00","42095.00","173971.00","--","--","173971.00","43477.00","--","217448.00","173499.00","--","472.00","216976.00","--","472.00","0.67"
"115/08/20","115","2","1615","大山","2928324.00","2251392.00","--","--","676932.00","--","--","676932.00","125090.00","--","551842.00","76713.00","628555.00","131732.00","496823.00","--","--","496823.00","277849.00","--","774672.00","496823.00","--","--","774672.00","--","--","2.53"
"115/08/20","115","2","1616","億泰","2789370.00","2525921.00","--","--","263449.00","--","--","263449.00","101309.00","--","162140.00","-25735.00","136405.00","34539.00","101866.00","--","--","101866.00","1385.00","--","103251.00","101866.00","--","--","103251.00","--","--","0.54"
"115/08/20","115","2","1617","榮星","2021389.00","1854773.00","--","--","166616.00","--","--","166616.00","123718.00","--","42898.00","-2245.00","40653.00","7142.00","33511.00","--","--","33511.00","59489.00","--","93000.00","35127.00","--","-1616.00","94616.00","--","-1616.00","0.21"
"115/08/20","115","2","1618","合機","2290435.00","1539432.00","--","--","751003.00","--","--","751003.00","98913.00","--","652090.00","52062.00","704152.00","146037.00","558115.00","--","--","558115.00","-34615.00","--","523500.00","558115.00","--","--","523500.00","--","--","2.90"
"115/08/20","115","2","1623","大東電","3294705.00","2701168.00","--","--","593537.00","--","--","593537.00","88036.00","--","505501.00","-13997.00","491504.00","97954.00","393550.00","--","--","393550.00","-12371.00","--","381179.00","--","--","--","--","--","--","6.02"
"115/08/20","115","2","1626","艾美特-KY","4885851.00","4067965.00","--","--","817886.00","8393.00","8609.00","818102.00","961982.00","--","-143880.00","-96814.00","-240694.00","2253.00","-242947.00","--","--","-242947.00","185736.00","--","-57211.00","-242947.00","--","--","-57211.00","--","--","-1.62"
"115/08/20","115","2","1702","南僑","11531193.00","8729756.00","--","--","2801437.00","--","--","2801437.00","2653081.00","--","148356.00","103320.00","251676.00","103259.00","148417.00","--","--","148417.00","503350.00","--","651767.00","60279.00","--","88138.00","447605.00","--","204162.00","0.24"
"115/08/20","115","2","1707","葡萄王","4691625.00","1338978.00","--","--","3352647.00","391.00","--","3352256.00","2603668.00","--","748588.00","60576.00","809164.00","156280.00","652884.00","--","--","652884.00","52018.00","--","704902.00","406976.00","--","245908.00","456735.00","--","248167.00","2.75"
"115/08/20","115","2","1708","東鹼","3308419.00","2324615.00","--","--","983804.00","--","--","983804.00","438220.00","--","545584.00","78758.00","624342.00","131477.00","492865.00","--","--","492865.00","152891.00","--","645756.00","492865.00","--","--","645756.00","--","--","1.98"
"115/08/20","115","2","1709","和益","5113639.00","3750220.00","--","--","1363419.00","0.00","-172.00","1363247.00","379205.00","--","984042.00","-207009.00","777033.00","165522.00","611511.00","--","--","611511.00","-93882.00","--","517629.00","620471.00","--","-8960.00","526589.00","--","-8960.00","1.30"
"115/08/20","115","2","1710","東聯","10577149.00","10185211.00","--","--","391938.00","--","--","391938.00","561150.00","--","-169212.00","-100998.00","-270210.00","40028.00","-310238.00","--","--","-310238.00","360384.00","--","50146.00","-106572.00","--","-203666.00","154735.00","--","-104589.00","-0.12"
"115/08/20","115","2","1711","永光","4177012.00","3206393.00","--","--","970619.00","--","--","970619.00","822405.00","--","148214.00","36437.00","184651.00","31411.00","153240.00","--","--","153240.00","581237.00","--","734477.00","154516.00","--","-1276.00","734746.00","--","-269.00","0.28"
"115/08/20","115","2","1712","興農","10169009.00","6965877.00","--","--","3203132.00","--","--","3203132.00","2364265.00","--","838867.00","9014.00","847881.00","190121.00","657760.00","--","--","657760.00","49309.00","--","707069.00","654335.00","--","3425.00","703644.00","--","3425.00","1.56"
"115/08/20","115","2","1713","國化","226441.00","204152.00","--","--","22289.00","--","--","22289.00","43364.00","--","-21075.00","363036.00","341961.00","2996.00","338965.00","--","--","338965.00","-1195.00","--","337770.00","--","--","--","--","--","--","2.25"
"115/08/20","115","2","1714","和桐","17003246.00","14354583.00","--","--","2648663.00","--","--","2648663.00","695296.00","--","1953367.00","39865.00","1993232.00","454087.00","1539145.00","--","--","1539145.00","646454.00","--","2185599.00","870171.00","--","668974.00","1261269.00","--","924330.00","0.89"
"115/08/20","115","2","1717","長興","22168850.00","16940527.00","--","--","5228323.00","--","--","5228323.00","3668929.00","--","1559394.00","232001.00","1791395.00","491270.00","1300125.00","--","--","1300125.00","1657390.00","--","2957515.00","1274966.00","--","25159.00","2943156.00","--","14359.00","1.09"
"115/08/20","115","2","1720","生達","3524462.00","1982142.00","--","--","1542320.00","--","--","1542320.00","790900.00","--","751420.00","59939.00","811359.00","151271.00","660088.00","--","--","660088.00","-65901.00","--","594187.00","490121.00","--","169967.00","425488.00","--","168699.00","2.49"
"115/08/20","115","2","1721","三晃","806404.00","837154.00","--","--","-30750.00","--","--","-30750.00","86466.00","--","-117216.00","3308.00","-113908.00","1316.00","-115224.00","--","--","-115224.00","76931.00","--","-38293.00","-115224.00","--","--","-38293.00","--","--","-0.62"
"115/08/20","115","2","1722","台肥","6750506.00","5830943.00","--","--","919563.00","--","--","919563.00","595824.00","--","323739.00","191939.00","515678.00","96995.00","418683.00","--","--","418683.00","219314.00","--","637997.00","418683.00","--","--","637997.00","--","--","0.43"
"115/08/20","115","2","1723","中碳","3320133.00","2538335.00","--","--","781798.00","--","--","781798.00","296473.00","--","485325.00","75722.00","561047.00","80429.00","480618.00","--","--","480618.00","154319.00","--","634937.00","480618.00","--","--","634937.00","--","--","2.07"
"115/08/20","115","2","1725","元禎","4610870.00","4390938.00","--","--","219932.00","--","--","219932.00","112911.00","--","107021.00","102394.00","209415.00","26785.00","182630.00","--","--","182630.00","1972856.00","--","2155486.00","182630.00","--","0.00","2155486.00","--","0.00","1.00"
"115/08/20","115","2","1726","永記","5175542.00","3738128.00","--","--","1437414.00","--","--","1437414.00","761143.00","--","676271.00","55123.00","731394.00","137697.00","593697.00","--","--","593697.00","159889.00","--","753586.00","593697.00","--","--","753586.00","--","--","3.66"
"115/08/20","115","2","1727","中華化","1157509.00","950884.00","--","--","206625.00","--","--","206625.00","103167.00","--","103458.00","-1447.00","102011.00","17300.00","84711.00","--","--","84711.00","--","--","84711.00","--","--","--","--","--","--","0.66"
"115/08/20","115","2","1730","花仙子","1257131.00","619318.00","--","--","637813.00","6760.00","7333.00","638386.00","438672.00","--","199714.00","28851.00","228565.00","55336.00","173229.00","--","--","173229.00","6607.00","--","179836.00","158250.00","--","14979.00","164407.00","--","15429.00","2.50"
"115/08/20","115","2","1731","美吾華","854499.00","323624.00","--","--","530875.00","--","--","530875.00","407489.00","--","123386.00","30969.00","154355.00","28497.00","125858.00","--","--","125858.00","66290.00","--","192148.00","125858.00","--","--","192148.00","--","--","0.95"
"115/08/20","115","2","1732","毛寶","363888.00","212029.00","--","--","151859.00","--","--","151859.00","122458.00","--","29401.00","4932.00","34333.00","8434.00","25899.00","--","--","25899.00","1621.00","--","27520.00","25899.00","--","--","27520.00","--","--","0.61"
"115/08/20","115","2","1733","五鼎","990376.00","656425.00","--","--","333951.00","--","--","333951.00","202108.00","--","131843.00","-248.00","131595.00","13379.00","118216.00","--","--","118216.00","956.00","--","119172.00","118055.00","--","161.00","118986.00","--","186.00","1.18"
"115/08/20","115","2","1734","杏輝","1697782.00","926985.00","--","--","770797.00","--","--","770797.00","567780.00","--","203017.00","-7517.00","195500.00","36776.00","158724.00","--","--","158724.00","37339.00","--","196063.00","166371.00","--","-7647.00","195487.00","--","576.00","0.87"
"115/08/20","115","2","1735","日勝化","1263331.00","1022334.00","--","--","240997.00","--","--","240997.00","178927.00","--","62070.00","-8078.00","53992.00","15131.00","38861.00","--","--","38861.00","14883.00","--","53744.00","38861.00","--","--","53744.00","--","--","0.39"
"115/08/20","115","2","1736","喬山","25058808.00","10671620.00","--","--","14387188.00","--","--","14387188.00","12507817.00","--","1879371.00","-482225.00","1397146.00","403717.00","993429.00","--","--","993429.00","356168.00","--","1349597.00","993084.00","--","345.00","1349332.00","--","265.00","3.27"
"115/08/20","115","2","1737","臺鹽","1558509.00","946714.00","--","--","611795.00","--","--","611795.00","414430.00","--","197365.00","14576.00","211941.00","37862.00","174079.00","--","--","174079.00","1278.00","--","175357.00","174079.00","--","0.00","175357.00","--","0.00","0.87"
"115/08/20","115","2","1752","南光","1068214.00","682490.00","--","--","385724.00","--","--","385724.00","238896.00","--","146828.00","-37253.00","109575.00","25814.00","83761.00","--","--","83761.00","0.00","--","83761.00","84933.00","--","-1172.00","84933.00","--","-1172.00","0.84"
"115/08/20","115","2","1760","寶齡富錦","1031127.00","502671.00","--","--","528456.00","--","--","528456.00","383373.00","--","145083.00","-3692.00","141391.00","50539.00","90852.00","--","--","90852.00","328.00","--","91180.00","90852.00","--","--","91180.00","--","--","1.06"
"115/08/20","115","2","1762","中化生","666405.00","400123.00","--","--","266282.00","--","--","266282.00","151409.00","--","114873.00","35809.00","150682.00","18554.00","132128.00","--","--","132128.00","3337.00","--","135465.00","132128.00","--","--","135465.00","--","--","2.39"
"115/08/20","115","2","1773","勝一","6652050.00","4185951.00","--","--","2466099.00","--","--","2466099.00","905770.00","--","1560329.00","77450.00","1637779.00","323188.00","1314591.00","--","--","1314591.00","85498.00","--","1400089.00","1314648.00","--","-57.00","1400146.00","--","-57.00","4.38"
"115/08/20","115","2","1776","展宇","528284.00","407846.00","--","--","120438.00","--","--","120438.00","73811.00","--","46627.00","10757.00","57384.00","14909.00","42475.00","--","--","42475.00","16932.00","--","59407.00","39671.00","--","2804.00","56152.00","--","3255.00","0.66"
"115/08/20","115","2","1783","和康生","411881.00","126762.00","--","--","285119.00","--","--","285119.00","169934.00","--","115185.00","17809.00","132994.00","1071.00","131923.00","--","--","131923.00","8334.00","--","140257.00","131923.00","--","--","140257.00","--","--","1.47"
"115/08/20","115","2","1786","科妍","416348.00","132095.00","--","--","284253.00","--","--","284253.00","234224.00","--","50029.00","13220.00","63249.00","6649.00","56600.00","--","--","56600.00","74.00","--","56674.00","56600.00","--","--","56674.00","--","--","0.76"
"115/08/20","115","2","1789","神隆","1338213.00","982046.00","--","--","356167.00","--","--","356167.00","413087.00","--","-56920.00","22742.00","-34178.00","-15179.00","-18999.00","--","--","-18999.00","184990.00","--","165991.00","-18999.00","--","--","165991.00","--","--","-0.02"
"115/08/20","115","2","1795","美時","17453085.00","8339249.00","--","--","9113836.00","--","--","9113836.00","4821626.00","--","4292210.00","-2576064.00","1716146.00","506693.00","1209453.00","--","--","1209453.00","-124953.00","--","1084500.00","1209453.00","--","--","1084500.00","--","--","4.65"
"115/08/20","115","2","1802","台玻","22305716.00","17522826.00","--","--","4782890.00","--","--","4782890.00","2463238.00","12198.00","2331850.00","-342727.00","1989123.00","105645.00","1883478.00","--","--","1883478.00","2353428.00","--","4236906.00","1860086.00","--","23392.00","4086449.00","--","150457.00","0.64"
"115/08/20","115","2","1805","寶徠","104037.00","67083.00","--","--","36954.00","--","--","36954.00","28283.00","--","8671.00","1726.00","10397.00","2616.00","7781.00","--","--","7781.00","-64.00","--","7717.00","7781.00","--","--","7717.00","--","--","0.06"
"115/08/20","115","2","1806","冠軍","1439162.00","1142121.00","--","--","297041.00","--","--","297041.00","300610.00","--","-3569.00","-5271.00","-8840.00","17912.00","-26752.00","--","--","-26752.00","23642.00","--","-3110.00","-26752.00","--","0.00","-3110.00","--","0.00","-0.07"
"115/08/20","115","2","1808","潤隆","12460368.00","9171387.00","--","--","3288981.00","--","--","3288981.00","539379.00","--","2749602.00","-5262.00","2744340.00","497591.00","2246749.00","--","--","2246749.00","52842.00","--","2299591.00","2246749.00","--","--","2299591.00","--","--","2.52"
"115/08/20","115","2","1809","中釉","1201841.00","957243.00","--","--","244598.00","--","--","244598.00","254226.00","21767.00","12139.00","-4668.00","7471.00","7576.00","-105.00","--","--","-105.00","40452.00","--","40347.00","16060.00","--","-16165.00","41511.00","--","-1164.00","0.10"
"115/08/20","115","2","1810","和成","2181618.00","1710700.00","--","--","470918.00","--","--","470918.00","696749.00","--","-225831.00","1446356.00","1220525.00","133854.00","1086671.00","--","--","1086671.00","637473.00","--","1724144.00","1092107.00","--","-5436.00","1728448.00","--","-4304.00","3.62"
"115/08/20","115","2","1817","凱撒衛","1302175.00","802346.00","--","--","499829.00","--","--","499829.00","294415.00","--","205414.00","62601.00","268015.00","51961.00","216054.00","--","--","216054.00","16461.00","--","232515.00","214464.00","--","1590.00","230702.00","--","1813.00","2.95"
"115/08/20","115","2","1903","士紙","76620.00","27441.00","--","--","49179.00","--","--","49179.00","67402.00","--","-18223.00","-21399.00","-39622.00","303.00","-39925.00","0.00","--","-39925.00","21893.00","--","-18032.00","-39925.00","--","0.00","-18032.00","--","0.00","-0.15"
"115/08/20","115","2","1904","正隆","22107225.00","17558953.00","--","--","4548272.00","--","--","4548272.00","3005123.00","--","1543149.00","533895.00","2077044.00","368995.00","1708049.00","--","--","1708049.00","215981.00","--","1924030.00","1608121.00","--","99928.00","1800510.00","--","123520.00","1.45"
"115/08/20","115","2","1905","華紙","9080585.00","8807238.00","--","-1854.00","271493.00","--","--","271493.00","953509.00","--","-682016.00","74346.00","-607670.00","-18.00","-607652.00","--","--","-607652.00","1652601.00","--","1044949.00","-578752.00","--","-28900.00","961757.00","83192.00","--","-0.52"
"115/08/20","115","2","1906","寶隆","1581332.00","1429191.00","--","--","152141.00","--","--","152141.00","108300.00","--","43841.00","-3645.00","40196.00","6954.00","33242.00","--","--","33242.00","-88629.00","--","-55387.00","--","--","--","--","--","--","0.22"
"115/08/20","115","2","1907","永豐餘","37859592.00","32532642.00","--","-1854.00","5325096.00","--","--","5325096.00","5268821.00","--","56275.00","1218568.00","1274843.00","446643.00","828200.00","--","--","828200.00","18008996.00","--","18837196.00","779368.00","--","48832.00","17643323.00","--","1193873.00","0.47"
"115/08/20","115","2","1909","榮成","24247513.00","21614343.00","--","--","2633170.00","--","--","2633170.00","2401313.00","--","231857.00","124361.00","356218.00","115273.00","240945.00","--","--","240945.00","386960.00","--","627905.00","243066.00","--","-2121.00","628887.00","--","-982.00","0.19"
"115/08/20","115","2","2002","中鋼","168002709.00","158298737.00","--","--","9703972.00","--","--","9703972.00","6657946.00","--","3046026.00","-706948.00","2339078.00","1402493.00","936585.00","--","--","936585.00","8763118.00","--","9699703.00","-377292.00","--","1313877.00","7062417.00","--","2637286.00","-0.03"
"115/08/20","115","2","2006","東和鋼鐵","29865731.00","24929990.00","--","--","4935741.00","--","--","4935741.00","1322760.00","--","3612981.00","253764.00","3866745.00","874404.00","2992341.00","--","--","2992341.00","-7796.00","--","2984545.00","2971876.00","--","20465.00","2963960.00","--","20585.00","4.07"
"115/08/20","115","2","2007","燁興","2263967.00","2410754.00","--","--","-146787.00","--","--","-146787.00","97545.00","--","-244332.00","-163560.00","-407892.00","28372.00","-436264.00","--","--","-436264.00","2442.00","--","-433822.00","--","--","--","--","--","--","-0.82"
"115/08/20","115","2","2008","高興昌","821656.00","683094.00","--","--","138562.00","--","--","138562.00","55595.00","--","82967.00","-14799.00","68168.00","2653.00","65515.00","--","--","65515.00","506937.00","--","572452.00","--","--","--","--","--","--","0.34"
"115/08/20","115","2","2009","第一銅","1690872.00","1482719.00","--","--","208153.00","--","--","208153.00","32339.00","--","175814.00","-1167.00","174647.00","0.00","174647.00","--","--","174647.00","-980250.00","--","-805603.00","--","--","--","--","--","--","0.49"
"115/08/20","115","2","2010","春源","12883693.00","11379252.00","--","--","1504441.00","--","--","1504441.00","488251.00","--","1016190.00","99251.00","1115441.00","228811.00","886630.00","--","--","886630.00","56778.00","--","943408.00","876149.00","--","10481.00","920030.00","--","23378.00","1.35"
"115/08/20","115","2","2012","春雨","3768784.00","3210107.00","--","--","558677.00","--","--","558677.00","447954.00","--","110723.00","-54396.00","56327.00","95921.00","-39594.00","--","--","-39594.00","833.00","--","-38761.00","-52312.00","--","12718.00","-42443.00","--","3682.00","-0.19"
"115/08/20","115","2","2013","中鋼構","9643740.00","9155586.00","--","--","488154.00","--","--","488154.00","181792.00","--","306362.00","41567.00","347929.00","59749.00","288180.00","--","--","288180.00","31458.00","--","319638.00","288180.00","--","--","319638.00","--","--","1.44"
"115/08/20","115","2","2014","中鴻","10322219.00","10007894.00","--","--","314325.00","--","--","314325.00","194406.00","--","119919.00","-18860.00","101059.00","0.00","101059.00","--","--","101059.00","72834.00","--","173893.00","101059.00","--","--","173893.00","--","--","0.07"
"115/08/20","115","2","2015","豐興","13991827.00","12204954.00","--","--","1786873.00","--","--","1786873.00","464081.00","--","1322792.00","314009.00","1636801.00","264477.00","1372324.00","--","--","1372324.00","3989.00","--","1376313.00","1373908.00","--","-1584.00","1377897.00","--","-1584.00","2.36"
"115/08/20","115","2","2017","官田鋼","1408973.00","1362962.00","--","--","46011.00","--","--","46011.00","201659.00","-3.00","-155651.00","-3160.00","-158811.00","10944.00","-169755.00","--","--","-169755.00","2211390.00","--","2041635.00","-127103.00","--","-42652.00","1738106.00","--","303529.00","-0.30"
"115/08/20","115","2","2020","美亞","2048373.00","1561754.00","--","--","486619.00","10820.00","5590.00","481389.00","154174.00","--","327215.00","23952.00","351167.00","79830.00","271337.00","--","--","271337.00","-8968.00","--","262369.00","271412.00","--","-75.00","262380.00","--","-11.00","1.02"
"115/08/20","115","2","2022","聚亨","6219914.00","5799615.00","--","--","420299.00","--","--","420299.00","440821.00","--","-20522.00","-7037.00","-27559.00","26086.00","-53645.00","--","--","-53645.00","-137488.00","--","-191133.00","-59009.00","--","5364.00","-93017.00","--","-98116.00","-0.18"
"115/08/20","115","2","2023","燁輝","33690191.00","30487209.00","--","--","3202982.00","--","--","3202982.00","2767525.00","--","435457.00","-1432356.00","-996899.00","110459.00","-1107358.00","--","--","-1107358.00","330250.00","--","-777108.00","-940375.00","--","-166983.00","-601210.00","--","-175898.00","-0.52"
"115/08/20","115","2","2024","志聯","510396.00","461078.00","--","--","49318.00","--","--","49318.00","32030.00","--","17288.00","8782.00","26070.00","0.00","26070.00","--","--","26070.00","--","--","26070.00","--","--","--","--","--","--","0.27"
"115/08/20","115","2","2025","千興","902798.00","753217.00","--","--","149581.00","--","--","149581.00","25317.00","-1257.00","123007.00","7415.00","130422.00","--","130422.00","--","--","130422.00","512544.00","--","642966.00","--","--","--","--","--","--","0.76"
"115/08/20","115","2","2027","大成鋼","67172372.00","47678908.00","--","--","19493464.00","--","--","19493464.00","6242617.00","-20003.00","13230844.00","-735192.00","12495652.00","3563947.00","8931705.00","--","--","8931705.00","1074470.00","--","10006175.00","7700565.00","--","1231140.00","8646105.00","--","1360070.00","3.10"
"115/08/20","115","2","2028","威致","4741494.00","4490105.00","--","--","251389.00","--","--","251389.00","109318.00","--","142071.00","3672.00","145743.00","25226.00","120517.00","--","--","120517.00","2222.00","--","122739.00","--","--","--","--","--","--","0.37"
"115/08/20","115","2","2029","盛餘","6713601.00","5673866.00","--","--","1039735.00","--","--","1039735.00","691870.00","--","347865.00","50108.00","397973.00","72589.00","325384.00","--","--","325384.00","6568.00","--","331952.00","314189.00","--","11195.00","317742.00","--","14210.00","0.98"
"115/08/20","115","2","2030","彰源","5824707.00","4829351.00","--","--","995356.00","--","--","995356.00","393669.00","--","601687.00","-15410.00","586277.00","128683.00","457594.00","--","--","457594.00","104206.00","--","561800.00","457594.00","--","--","561800.00","--","--","1.66"
"115/08/20","115","2","2031","新光鋼","9410970.00","8136945.00","--","--","1274025.00","--","--","1274025.00","401739.00","--","872286.00","1002014.00","1874300.00","152617.00","1721683.00","--","--","1721683.00","-644978.00","--","1076705.00","1679726.00","--","41957.00","1034748.00","--","41957.00","5.23"
"115/08/20","115","2","2032","新鋼","1665543.00","1473275.00","--","--","192268.00","--","--","192268.00","65641.00","--","126627.00","31659.00","158286.00","24584.00","133702.00","--","--","133702.00","-14056.00","--","119646.00","--","--","--","--","--","--","1.02"
"115/08/20","115","2","2033","佳大","343779.00","291828.00","--","--","51951.00","--","--","51951.00","36546.00","--","15405.00","1281.00","16686.00","4383.00","12303.00","--","--","12303.00","--","--","12303.00","--","--","--","--","--","--","0.15"
"115/08/20","115","2","2034","允強","6293155.00","5681652.00","--","--","611503.00","--","--","611503.00","412193.00","--","199310.00","-131875.00","67435.00","-5449.00","72884.00","--","--","72884.00","-222271.00","--","-149387.00","72884.00","--","--","-149387.00","--","--","0.14"
"115/08/20","115","2","2038","海光","3983958.00","3928782.00","--","--","55176.00","--","--","55176.00","96125.00","--","-40949.00","37689.00","-3260.00","-79.00","-3181.00","--","--","-3181.00","9506.00","--","6325.00","4091.00","--","-7272.00","14164.00","--","-7839.00","0.02"
"115/08/20","115","2","2049","上銀","13887696.00","9284750.00","--","--","4602946.00","--","--","4602946.00","2938524.00","--","1664422.00","134399.00","1798821.00","433328.00","1365493.00","--","--","1365493.00","1106037.00","--","2471530.00","1426930.00","--","-61437.00","2532985.00","--","-61455.00","4.03"
"115/08/20","115","2","2059","川湖","16279766.00","2575266.00","--","--","13704500.00","--","--","13704500.00","1160355.00","--","12544145.00","926109.00","13470254.00","2896383.00","10573871.00","--","--","10573871.00","14159.00","--","10588030.00","10573871.00","--","--","10588030.00","--","--","110.96"
"115/08/20","115","2","2062","橋椿","3486742.00","3098600.00","--","--","388142.00","--","--","388142.00","278019.00","--","110123.00","-53123.00","57000.00","18002.00","38998.00","--","--","38998.00","215058.00","--","254056.00","39301.00","--","-303.00","254359.00","--","-303.00","0.20"
"115/08/20","115","2","2069","運錩","4999074.00","4265999.00","--","--","733075.00","--","--","733075.00","352581.00","--","380494.00","-39657.00","340837.00","64258.00","276579.00","--","--","276579.00","128011.00","--","404590.00","276579.00","--","--","404590.00","--","--","1.66"
"115/08/20","115","2","2072","世紀風電","8846285.00","6614723.00","--","--","2231562.00","--","--","2231562.00","191311.00","--","2040251.00","97861.00","2138112.00","445710.00","1692402.00","--","--","1692402.00","--","--","1692402.00","1691578.00","--","824.00","1691578.00","--","824.00","9.30"
"115/08/20","115","2","2101","南港","13049685.00","7501053.00","--","--","5548632.00","726.00","603.00","5548509.00","1288284.00","--","4260225.00","-1098586.00","3161639.00","220224.00","2941415.00","--","--","2941415.00","183759.00","--","3125174.00","2941415.00","--","--","3125174.00","--","--","4.07"
"115/08/20","115","2","2102","泰豐","89730.00","72816.00","--","--","16914.00","--","--","16914.00","106343.00","--","-89429.00","69203.00","-20226.00","20535.00","-40761.00","--","--","-40761.00","2724.00","--","-38037.00","-40761.00","--","--","-38037.00","--","--","-0.09"
"115/08/20","115","2","2103","台橡","22212066.00","18433120.00","--","--","3778946.00","--","--","3778946.00","1483421.00","166804.00","2462329.00","533947.00","2996276.00","944084.00","2052192.00","--","--","2052192.00","542497.00","--","2594689.00","1866611.00","--","185581.00","2348905.00","--","245784.00","2.26"
"115/08/20","115","2","2104","國際中橡","6759902.00","7534380.00","--","--","-774478.00","--","--","-774478.00","606004.00","--","-1380482.00","-67067.00","-1447549.00","112593.00","-1560142.00","-7126.00","--","-1567268.00","194418.00","--","-1372850.00","-1276655.00","--","-290613.00","-1098074.00","--","-274776.00","-1.32"
"115/08/20","115","2","2105","正新","48618807.00","36544028.00","--","--","12074779.00","--","--","12074779.00","7233614.00","--","4841165.00","-159824.00","4681341.00","1276640.00","3404701.00","--","--","3404701.00","2585114.00","--","5989815.00","3415083.00","--","-10382.00","5975998.00","--","13817.00","1.05"
"115/08/20","115","2","2106","建大","18245318.00","14645648.00","--","--","3599670.00","--","--","3599670.00","3052860.00","--","546810.00","-103639.00","443171.00","131814.00","311357.00","--","--","311357.00","596365.00","--","907722.00","311357.00","--","--","907722.00","--","--","0.33"
"115/08/20","115","2","2107","厚生","748158.00","455863.00","--","--","292295.00","--","--","292295.00","95359.00","--","196936.00","206693.00","403629.00","57673.00","345956.00","--","--","345956.00","1715949.00","--","2061905.00","345956.00","--","--","2061905.00","--","--","1.14"
"115/08/20","115","2","2108","南帝","6046460.00","4208325.00","--","--","1838135.00","--","--","1838135.00","834386.00","--","1003749.00","164943.00","1168692.00","323145.00","845547.00","--","--","845547.00","177617.00","--","1023164.00","630047.00","--","215500.00","807664.00","--","215500.00","1.28"
"115/08/20","115","2","2109","華豐","2287199.00","1785482.00","--","--","501717.00","--","--","501717.00","289792.00","--","211925.00","123566.00","335491.00","85281.00","250210.00","--","--","250210.00","-113759.00","--","136451.00","202097.00","--","48113.00","144895.00","--","-8444.00","0.72"
"115/08/20","115","2","2114","鑫永銓","809822.00","493042.00","--","--","316780.00","--","--","316780.00","61988.00","--","254792.00","40470.00","295262.00","55170.00","240092.00","--","--","240092.00","--","--","240092.00","--","--","--","--","--","--","3.08"
"115/08/20","115","2","2201","裕隆","34369539.00","23112456.00","--","--","11257083.00","--","792.00","11257875.00","7931588.00","--","3326287.00","-526655.00","2799632.00","788183.00","2011449.00","--","--","2011449.00","1585866.00","--","3597315.00","520615.00","--","1490834.00","1783673.00","--","1813642.00","0.50"
"115/08/20","115","2","2204","中華","18057256.00","15436715.00","--","--","2620541.00","38000.00","--","2582541.00","1658186.00","--","924355.00","796028.00","1720383.00","-36757.00","1757140.00","--","--","1757140.00","832510.00","--","2589650.00","1743111.00","--","14029.00","2474388.00","--","115262.00","3.19"
"115/08/20","115","2","2206","三陽工業","30564233.00","24159267.00","--","--","6404966.00","--","--","6404966.00","3743116.00","--","2661850.00","602286.00","3264136.00","778805.00","2485331.00","--","--","2485331.00","696037.00","--","3181368.00","2418285.00","--","67046.00","3021626.00","--","159742.00","3.14"
"115/08/20","115","2","2208","台船","9588436.00","10154660.00","--","--","-566224.00","--","--","-566224.00","348011.00","--","-914235.00","1277563.00","363328.00","15303.00","348025.00","--","--","348025.00","53454.00","--","401479.00","354882.00","--","-6857.00","408336.00","--","-6857.00","0.28"
"115/08/20","115","2","2211","長榮鋼","7667496.00","5694816.00","--","--","1972680.00","--","--","1972680.00","438427.00","--","1534253.00","375658.00","1909911.00","332214.00","1577697.00","--","--","1577697.00","1693020.00","--","3270717.00","1360430.00","--","217267.00","3057837.00","--","212880.00","3.26"
"115/08/20","115","2","2227","裕日車","6716356.00","6156372.00","--","--","559984.00","--","--","559984.00","913338.00","-712.00","-354066.00","-635790.00","-989856.00","-209243.00","-780613.00","--","--","-780613.00","680019.00","--","-100594.00","-780613.00","--","--","-100594.00","--","--","-2.60"
"115/08/20","115","2","2228","劍麟","2441123.00","1910356.00","--","--","530767.00","--","--","530767.00","341438.00","--","189329.00","4584.00","193913.00","54588.00","139325.00","--","--","139325.00","141808.00","--","281133.00","139325.00","--","--","281133.00","--","--","1.75"
"115/08/20","115","2","2231","為升","1486678.00","952693.00","--","--","533985.00","--","--","533985.00","515441.00","--","18544.00","10358.00","28902.00","54275.00","-25373.00","--","--","-25373.00","24846.00","--","-527.00","52919.00","--","-78292.00","80321.00","--","-80848.00","0.39"
"115/08/20","115","2","2233","宇隆","1695564.00","1193514.00","--","--","502050.00","--","--","502050.00","299046.00","--","203004.00","43431.00","246435.00","29702.00","216733.00","--","--","216733.00","123795.00","--","340528.00","205001.00","--","11732.00","329605.00","--","10923.00","3.40"
"115/08/20","115","2","2237","華德動能-創","1838155.00","1452075.00","--","--","386080.00","--","--","386080.00","140656.00","--","245424.00","-20992.00","224432.00","-26994.00","251426.00","--","--","251426.00","6717.00","--","258143.00","251426.00","--","--","258143.00","--","--","2.09"
"115/08/20","115","2","2241","艾姆勒","472595.00","428636.00","--","--","43959.00","--","--","43959.00","82987.00","--","-39028.00","1229.00","-37799.00","-499.00","-37300.00","--","--","-37300.00","15263.00","--","-22037.00","-43664.00","--","6364.00","-35325.00","--","13288.00","-0.42"
"115/08/20","115","2","2247","汎德永業","20624972.00","18225749.00","--","--","2399223.00","--","--","2399223.00","1786563.00","25250.00","637910.00","27281.00","665191.00","136750.00","528441.00","--","--","528441.00","--","--","528441.00","528441.00","--","--","528441.00","--","--","6.55"
"115/08/20","115","2","2250","IKKA-KY","1573401.00","1317918.00","--","--","255483.00","--","--","255483.00","219272.00","--","36211.00","34360.00","70571.00","39938.00","30633.00","--","--","30633.00","-11225.00","--","19408.00","30633.00","0.00","0.00","19408.00","0.00","0.00","0.84"
"115/08/20","115","2","2254","巨鎧精密-創","62568.00","103384.00","--","--","-40816.00","--","--","-40816.00","85282.00","--","-126098.00","-8750.00","-134848.00","13.00","-134861.00","--","--","-134861.00","--","--","-134861.00","-134861.00","--","--","-134861.00","--","--","-2.12"
"115/08/20","115","2","2258","鴻華先進-創","2304967.00","2040185.00","--","--","264782.00","--","--","264782.00","2253857.00","--","-1989075.00","-23831.00","-2012906.00","387.00","-2013293.00","--","--","-2013293.00","2139.00","--","-2011154.00","-2013293.00","--","--","-2011154.00","--","--","-1.15"
"115/08/20","115","2","2301","光寶科","96110746.00","72359356.00","--","--","23751390.00","--","--","23751390.00","11449535.00","--","12301855.00","2036325.00","14338180.00","3443634.00","10894546.00","--","--","10894546.00","1919222.00","--","12813768.00","10891244.00","--","3302.00","12808633.00","--","5135.00","4.80"
"115/08/20","115","2","2302","麗正","500767.00","322606.00","--","--","178161.00","--","--","178161.00","107214.00","--","70947.00","54504.00","125451.00","25238.00","100213.00","--","--","100213.00","-12931.00","--","87282.00","100213.00","--","--","87282.00","--","--","0.60"
"115/08/20","115","2","2303","聯電","129770564.00","89629284.00","--","--","40141280.00","--","--","40141280.00","15004154.00","1089275.00","26226401.00","35603550.00","61829951.00","3489152.00","58340799.00","--","--","58340799.00","40671988.00","--","99012787.00","58431436.00","--","-90637.00","99103359.00","--","-90572.00","4.68"
"115/08/20","115","2","2305","全友","632462.00","343634.00","--","--","288828.00","--","--","288828.00","179410.00","--","109418.00","92185.00","201603.00","38921.00","162682.00","--","--","162682.00","51505.00","--","214187.00","103628.00","--","59054.00","149336.00","--","64851.00","0.51"
"115/08/20","115","2","2308","台達電","342608732.00","218339911.00","--","--","124268821.00","--","--","124268821.00","65281476.00","--","58987345.00","7105092.00","66092437.00","15088837.00","51003600.00","--","--","51003600.00","3340412.00","--","54344012.00","45691231.00","--","5312369.00","49830610.00","--","4513402.00","17.59"
"115/08/20","115","2","2312","金寶","75059518.00","69892093.00","--","--","5167425.00","--","--","5167425.00","3054489.00","--","2112936.00","-66071.00","2046865.00","553194.00","1493671.00","--","--","1493671.00","1843828.00","--","3337499.00","1046455.00","--","447216.00","2467887.00","--","869612.00","0.70"
"115/08/20","115","2","2313","華通","39540030.00","32324210.00","--","--","7215820.00","--","--","7215820.00","3326090.00","--","3889730.00","-349223.00","3540507.00","557675.00","2982832.00","--","--","2982832.00","1070024.00","--","4052856.00","2982832.00","--","--","4052856.00","--","--","2.50"
"115/08/20","115","2","2314","台揚","828731.00","749947.00","--","--","78784.00","--","--","78784.00","326092.00","--","-247308.00","72968.00","-174340.00","5283.00","-179623.00","--","--","-179623.00","43380.00","--","-136243.00","-179623.00","--","--","-136243.00","--","--","-1.69"
"115/08/20","115","2","2316","楠梓電","2154260.00","2130871.00","--","--","23389.00","--","--","23389.00","281057.00","--","-257668.00","1793214.00","1535546.00","348387.00","1187159.00","--","--","1187159.00","820864.00","--","2008023.00","1187159.00","--","--","2008023.00","--","--","6.54"
"115/08/20","115","2","2317","鴻海","4645427824.00","4359913943.00","--","--","285513881.00","--","--","285513881.00","115062160.00","--","170451721.00","-1554101.00","168897620.00","41885428.00","127012192.00","--","--","127012192.00","113901137.00","--","240913329.00","109893220.00","--","17118972.00","217186782.00","--","23726547.00","7.84"
"115/08/20","115","2","2321","東訊","372148.00","242056.00","--","--","130092.00","--","--","130092.00","105904.00","--","24188.00","-1364.00","22824.00","2084.00","20740.00","--","--","20740.00","-12168.00","--","8572.00","8299.00","--","12441.00","-3869.00","--","12441.00","0.27"
"115/08/20","115","2","2323","中環","3955572.00","2930380.00","--","--","1025192.00","--","--","1025192.00","837978.00","--","187214.00","1300974.00","1488188.00","402659.00","1085529.00","--","--","1085529.00","-51220.00","--","1034309.00","1074195.00","--","11334.00","1019388.00","--","14921.00","0.99"
"115/08/20","115","2","2324","仁寶","439598212.00","417979659.00","--","--","21618553.00","--","--","21618553.00","16119715.00","--","5498838.00","2231175.00","7730013.00","1730552.00","5999461.00","--","--","5999461.00","9401200.00","--","15400661.00","5099911.00","--","899550.00","14460993.00","--","939668.00","1.18"
"115/08/20","115","2","2327","國巨*","82621975.00","50963891.00","--","--","31658084.00","--","--","31658084.00","10296460.00","--","21361624.00","1185481.00","22547105.00","5053224.00","17493881.00","--","--","17493881.00","2611068.00","--","20104949.00","17419139.00","--","74742.00","20027216.00","--","77733.00","8.48"
"115/08/20","115","2","2328","廣宇","9633793.00","8842265.00","--","--","791528.00","--","--","791528.00","791426.00","--","102.00","-49110.00","-49008.00","110091.00","-159099.00","--","--","-159099.00","328703.00","--","169604.00","-125837.00","--","-33262.00","167994.00","--","1610.00","-0.24"
"115/08/20","115","2","2329","華泰","10336694.00","8989432.00","--","--","1347262.00","--","--","1347262.00","729295.00","--","617967.00","126940.00","744907.00","102083.00","642824.00","--","--","642824.00","5051133.00","--","5693957.00","642824.00","--","--","5693957.00","--","--","0.96"
"115/08/20","115","2","2330","台積電","2404483690.00","792877574.00","--","--","1611606116.00","--","--","1611606116.00","192987740.00","6950417.00","1425568793.00","124660980.00","1550229773.00","270647546.00","1279582227.00","--","--","1279582227.00","71282249.00","--","1350864476.00","1279041690.00","--","540537.00","1350950974.00","--","-86498.00","49.33"
"115/08/20","115","2","2331","精英","10752250.00","9869495.00","--","--","882755.00","--","--","882755.00","848359.00","--","34396.00","291630.00","326026.00","32259.00","293767.00","--","--","293767.00","-243867.00","--","49900.00","293713.00","--","54.00","49720.00","--","180.00","0.53"
"115/08/20","115","2","2332","友訊","7127361.00","5369657.00","--","--","1757704.00","--","--","1757704.00","1659800.00","--","97904.00","-26319.00","71585.00","77856.00","-6271.00","--","--","-6271.00","-73809.00","--","-80080.00","-42094.00","--","35823.00","-85992.00","--","5912.00","-0.07"
"115/08/20","115","2","2337","旺宏","29593392.00","13002018.00","--","--","16591374.00","--","--","16591374.00","5691266.00","--","10900108.00","366105.00","11266213.00","1751051.00","9515162.00","--","--","9515162.00","5502522.00","--","15017684.00","9507911.00","--","7251.00","15010433.00","--","7251.00","4.82"
"115/08/20","115","2","2338","光罩","3052495.00","2558894.00","--","--","493601.00","--","--","493601.00","491465.00","--","2136.00","210501.00","212637.00","27318.00","185319.00","--","--","185319.00","19586.00","--","204905.00","188945.00","-1141.00","-2485.00","208531.00","-1141.00","-2485.00","0.61"
"115/08/20","115","2","2340","台亞","2163511.00","2204483.00","--","--","-40972.00","--","--","-40972.00","438135.00","--","-479107.00","55840.00","-423267.00","39400.00","-462667.00","--","--","-462667.00","156163.00","--","-306504.00","-408499.00","--","-54168.00","-252336.00","--","-54168.00","-0.93"
"115/08/20","115","2","2342","茂矽","1008161.00","854346.00","--","--","153815.00","--","--","153815.00","200784.00","--","-46969.00","11481.00","-35488.00","0.00","-35488.00","--","--","-35488.00","154.00","--","-35334.00","-35894.00","--","406.00","-35740.00","--","406.00","-0.23"
"115/08/20","115","2","2344","華邦電","98096329.00","38036047.00","--","--","60060282.00","--","--","60060282.00","18530452.00","--","41529830.00","1177000.00","42706830.00","8390253.00","34316577.00","--","--","34316577.00","22617970.00","--","56934547.00","34431342.00","--","-114765.00","57036262.00","--","-101715.00","7.65"
"115/08/20","115","2","2345","智邦","165658435.00","133132194.00","--","--","32526241.00","2608.00","--","32523633.00","8143626.00","--","24380007.00","550063.00","24930070.00","5549864.00","19380206.00","--","--","19380206.00","491110.00","--","19871316.00","19394289.00","--","-14083.00","19885960.00","--","-14644.00","34.70"
"115/08/20","115","2","2347","聯強","327367601.00","315114418.00","--","--","12253183.00","--","--","12253183.00","4099810.00","--","8153373.00","1012922.00","9166295.00","2023069.00","7143226.00","--","--","7143226.00","6470934.00","--","13614160.00","6863735.00","--","279491.00","13502590.00","--","111570.00","4.12"
"115/08/20","115","2","2348","海悅","3116285.00","2304847.00","--","--","811438.00","--","--","811438.00","326164.00","--","485274.00","-153825.00","331449.00","137399.00","194050.00","--","--","194050.00","-25476.00","--","168574.00","217175.00","--","-23125.00","191699.00","--","-23125.00","1.06"
"115/08/20","115","2","2349","錸德","3781493.00","3132005.00","--","--","649488.00","--","--","649488.00","624884.00","--","24604.00","109827.00","134431.00","12430.00","122001.00","--","--","122001.00","419467.00","--","541468.00","32473.00","--","89528.00","255131.00","--","286337.00","0.05"
"115/08/20","115","2","2351","順德","6364416.00","5090557.00","--","--","1273859.00","--","0.00","1273859.00","585181.00","--","688678.00","17531.00","706209.00","151343.00","554866.00","0.00","--","554866.00","70899.00","--","625765.00","524794.00","--","30072.00","595693.00","--","30072.00","2.82"
"115/08/20","115","2","2352","佳世達","104271746.00","86570733.00","--","--","17701013.00","--","--","17701013.00","16357140.00","--","1343873.00","769911.00","2113784.00","693409.00","1420375.00","--","--","1420375.00","12157418.00","--","13577793.00","911414.00","--","508961.00","12859655.00","--","718138.00","0.58"
"115/08/20","115","2","2353","宏碁","157726373.00","139939963.00","--","--","17786410.00","--","--","17786410.00","15233355.00","32953.00","2586008.00","3067547.00","5653555.00","1518425.00","4135130.00","--","--","4135130.00","2530418.00","--","6665548.00","2873563.00","--","1261567.00","5281709.00","--","1383839.00","0.96"
"115/08/20","115","2","2354","鴻準","55616127.00","53168367.00","--","--","2447760.00","--","--","2447760.00","1731663.00","--","716097.00","1598263.00","2314360.00","782320.00","1532040.00","--","--","1532040.00","6998158.00","--","8530198.00","1553583.00","--","-21543.00","8561212.00","--","-31014.00","1.10"
"115/08/20","115","2","2355","敬鵬","8297117.00","7290264.00","--","--","1006853.00","--","--","1006853.00","625356.00","--","381497.00","223293.00","604790.00","178326.00","426464.00","--","--","426464.00","229500.00","--","655964.00","426450.00","--","14.00","656064.00","--","-100.00","1.07"
"115/08/20","115","2","2356","英業達","470167600.00","448574830.00","--","--","21592770.00","--","--","21592770.00","13236460.00","--","8356310.00","-32415.00","8323895.00","1989701.00","6334194.00","--","--","6334194.00","2355989.00","--","8690183.00","6323190.00","--","11004.00","8666652.00","--","23531.00","1.76"
"115/08/20","115","2","2357","華碩","466101713.00","390887653.00","--","--","75214060.00","2073.00","--","75211987.00","42342324.00","--","32869663.00","7247167.00","40116830.00","8622569.00","31494261.00","--","--","31494261.00","36162960.00","--","67657221.00","28844853.00","--","2649408.00","64809487.00","--","2847734.00","38.83"
"115/08/20","115","2","2359","所羅門","2333384.00","1858576.00","--","--","474808.00","--","--","474808.00","484519.00","--","-9711.00","908526.00","898815.00","25018.00","873797.00","--","--","873797.00","15993.00","--","889790.00","779997.00","--","93800.00","798000.00","--","91790.00","4.55"
"115/08/20","115","2","2360","致茂","25389128.00","9779881.00","--","--","15609247.00","--","0.00","15609247.00","5570478.00","--","10038769.00","1569114.00","11607883.00","2430075.00","9177808.00","--","--","9177808.00","557326.00","--","9735134.00","8986741.00","--","191067.00","9537927.00","--","197207.00","21.27"
"115/08/20","115","2","2362","藍天","11470739.00","9317665.00","--","--","2153074.00","--","--","2153074.00","1472844.00","--","680230.00","1958389.00","2638619.00","298345.00","2340274.00","--","--","2340274.00","2379225.00","--","4719499.00","2340274.00","--","--","4719499.00","--","--","4.05"
"115/08/20","115","2","2363","矽統","2211081.00","1582746.00","--","--","628335.00","--","--","628335.00","506356.00","--","121979.00","53429.00","175408.00","69079.00","106329.00","--","--","106329.00","30974721.00","--","31081050.00","103177.00","--","3152.00","31078777.00","--","2273.00","0.20"
"115/08/20","115","2","2364","倫飛","858259.00","500940.00","--","--","357319.00","--","--","357319.00","215531.00","--","141788.00","19321.00","161109.00","208.00","160901.00","--","--","160901.00","1653.00","--","162554.00","160119.00","--","782.00","162158.00","--","396.00","3.06"
"115/08/20","115","2","2365","昆盈","488411.00","298682.00","--","--","189729.00","--","--","189729.00","163032.00","--","26697.00","39576.00","66273.00","10591.00","55682.00","--","--","55682.00","38144.00","--","93826.00","56621.00","--","-939.00","94489.00","--","-663.00","0.26"
"115/08/20","115","2","2367","燿華","8008524.00","7488165.00","--","--","520359.00","--","--","520359.00","1040902.00","--","-520543.00","65706.00","-454837.00","-3427.00","-451410.00","--","--","-451410.00","45058.00","--","-406352.00","-451410.00","--","--","-406352.00","--","--","-0.64"
"115/08/20","115","2","2368","金像電","43592084.00","28456475.00","--","--","15135609.00","--","--","15135609.00","3832631.00","299243.00","11602221.00","-215118.00","11387103.00","3120064.00","8267039.00","--","--","8267039.00","430032.00","--","8697071.00","8267039.00","--","--","8697071.00","--","--","16.17"
"115/08/20","115","2","2369","菱生","3537444.00","3225718.00","--","--","311726.00","--","--","311726.00","198267.00","--","113459.00","23855.00","137314.00","28017.00","109297.00","--","--","109297.00","5951.00","--","115248.00","109295.00","--","2.00","115246.00","--","2.00","0.29"
"115/08/20","115","2","2371","大同","24501702.00","20352960.00","--","--","4148742.00","--","--","4148742.00","3032467.00","706.00","1116981.00","1098592.00","2215573.00","167343.00","2048230.00","--","--","2048230.00","113081.00","--","2161311.00","1916230.00","--","132000.00","1947647.00","--","213664.00","0.91"
"115/08/20","115","2","2373","震旦行","5122499.00","2808627.00","--","--","2313872.00","51033.00","49984.00","2312823.00","2046566.00","--","266257.00","162643.00","428900.00","45854.00","383046.00","--","--","383046.00","447370.00","--","830416.00","366947.00","--","16099.00","767914.00","--","62502.00","1.63"
"115/08/20","115","2","2374","佳能","5791792.00","4391062.00","--","--","1400730.00","--","--","1400730.00","831481.00","--","569249.00","55639.00","624888.00","109641.00","515247.00","--","--","515247.00","203804.00","--","719051.00","510564.00","--","4683.00","702152.00","--","16899.00","1.55"
"115/08/20","115","2","2375","凱美","3009457.00","2465570.00","--","--","543887.00","--","--","543887.00","319970.00","--","223917.00","92637.00","316554.00","115910.00","200644.00","--","--","200644.00","691806.00","--","892450.00","200644.00","--","--","892450.00","--","--","1.85"
"115/08/20","115","2","2376","技嘉","249271763.00","222784004.00","--","--","26487759.00","--","--","26487759.00","10953806.00","--","15533953.00","971278.00","16505231.00","3396329.00","13108902.00","--","--","13108902.00","3558291.00","--","16667193.00","11874816.00","--","1234086.00","15429440.00","--","1237753.00","17.73"
"115/08/20","115","2","2377","微星","106169557.00","89760168.00","--","--","16409389.00","--","--","16409389.00","9252146.00","--","7157243.00","609269.00","7766512.00","1350658.00","6415854.00","--","--","6415854.00","587762.00","--","7003616.00","6415854.00","--","--","7003616.00","--","--","7.59"
"115/08/20","115","2","2379","瑞昱","73975769.00","38237359.00","--","--","35738410.00","--","--","35738410.00","27681282.00","--","8057128.00","1290631.00","9347759.00","1212637.00","8135122.00","--","--","8135122.00","2543606.00","--","10678728.00","8135053.00","--","69.00","10678659.00","--","69.00","15.86"
"115/08/20","115","2","2380","虹光","1502032.00","1065821.00","--","--","436211.00","--","--","436211.00","398483.00","--","37728.00","-56327.00","-18599.00","-45043.00","26444.00","--","--","26444.00","5025.00","--","31469.00","25838.00","--","606.00","31422.00","--","47.00","0.43"
"115/08/20","115","2","2382","廣達","1845813767.00","1755037883.00","--","--","90775884.00","--","--","90775884.00","33507805.00","--","57268079.00","3829916.00","61097995.00","11004420.00","50093575.00","--","--","50093575.00","10647885.00","--","60741460.00","49843907.00","--","249668.00","60310359.00","--","431101.00","12.93"
"115/08/20","115","2","2383","台光電","80342455.00","54610311.00","--","--","25732144.00","--","--","25732144.00","5869991.00","--","19862153.00","117256.00","19979409.00","4768986.00","15210423.00","--","--","15210423.00","1624477.00","--","16834900.00","15213191.00","--","-2768.00","16837963.00","--","-3063.00","42.46"
"115/08/20","115","2","2385","群光","45259478.00","38517327.00","--","--","6742151.00","--","--","6742151.00","4466273.00","--","2275878.00","2188922.00","4464800.00","166528.00","4298272.00","--","--","4298272.00","1625679.00","--","5923951.00","3696919.00","--","601353.00","5117476.00","--","806475.00","5.06"
"115/08/20","115","2","2387","精元","8511385.00","7531203.00","--","--","980182.00","--","--","980182.00","845098.00","--","135084.00","126609.00","261693.00","95384.00","166309.00","--","--","166309.00","466584.00","--","632893.00","127597.00","--","38712.00","546727.00","--","86166.00","0.66"
"115/08/20","115","2","2388","威盛","5607361.00","4341980.00","--","--","1265381.00","--","--","1265381.00","2118102.00","--","-852721.00","1012359.00","159638.00","35742.00","123896.00","--","--","123896.00","815521.00","--","939417.00","186812.00","--","-62916.00","944926.00","--","-5509.00","0.34"
"115/08/20","115","2","2390","云辰","322952.00","257723.00","--","--","65229.00","--","--","65229.00","90629.00","--","-25400.00","49809.00","24409.00","3997.00","20412.00","--","--","20412.00","11219.00","--","31631.00","20412.00","--","--","31631.00","--","--","0.11"
"115/08/20","115","2","2392","正崴","37925181.00","33261169.00","--","--","4664012.00","1245.00","2162.00","4664929.00","3990963.00","--","673966.00","7879118.00","8553084.00","2352052.00","6201032.00","--","--","6201032.00","1284089.00","--","7485121.00","5813692.00","--","387340.00","7048489.00","--","436632.00","12.56"
"115/08/20","115","2","2393","億光","10400996.00","7859147.00","--","--","2541849.00","--","--","2541849.00","1653974.00","--","887875.00","379695.00","1267570.00","274758.00","992812.00","--","--","992812.00","291115.00","--","1283927.00","950837.00","--","41975.00","1241795.00","--","42132.00","2.14"
"115/08/20","115","2","2395","研華","46511554.00","28686490.00","--","--","17825064.00","--","--","17825064.00","8969289.00","--","8855775.00","802495.00","9658270.00","1836780.00","7821490.00","--","--","7821490.00","1572644.00","--","9394134.00","7852037.00","--","-30547.00","9423507.00","--","-29373.00","9.05"
"115/08/20","115","2","2397","友通","6738375.00","5050985.00","--","--","1687390.00","--","--","1687390.00","1232520.00","--","454870.00","-20390.00","434480.00","107727.00","326753.00","--","--","326753.00","31456.00","--","358209.00","234902.00","--","91851.00","248814.00","--","109395.00","2.05"
"115/08/20","115","2","2399","映泰","963211.00","837344.00","--","--","125867.00","--","--","125867.00","243599.00","--","-117732.00","833678.00","715946.00","84663.00","631283.00","--","--","631283.00","-1092.00","--","630191.00","631283.00","--","--","630191.00","--","--","3.54"
"115/08/20","115","2","2401","凌陽","3882273.00","1996826.00","--","--","1885447.00","--","--","1885447.00","1504195.00","234.00","381486.00","175641.00","557127.00","103389.00","453738.00","--","--","453738.00","27181.00","--","480919.00","205664.00","--","248074.00","219712.00","--","261207.00","0.35"
"115/08/20","115","2","2402","毅嘉","6081265.00","5257136.00","--","--","824129.00","--","--","824129.00","559020.00","--","265109.00","-63329.00","201780.00","60443.00","141337.00","--","--","141337.00","343554.00","--","484891.00","141337.00","--","--","484891.00","--","--","0.46"
"115/08/20","115","2","2404","漢唐","46368948.00","35472950.00","--","--","10895998.00","--","--","10895998.00","1720655.00","--","9175343.00","866737.00","10042080.00","3190056.00","6852024.00","--","--","6852024.00","11285.00","--","6863309.00","6843807.00","--","8217.00","6844470.00","--","18839.00","36.23"
"115/08/20","115","2","2405","輔信","901546.00","512955.00","--","--","388591.00","--","--","388591.00","384591.00","--","4000.00","4599.00","8599.00","-523.00","9122.00","--","--","9122.00","-18580.00","--","-9458.00","9355.00","--","-233.00","-9181.00","--","-277.00","0.03"
"115/08/20","115","2","2406","國碩","5542970.00","4703426.00","--","--","839544.00","1979.00","0.00","837565.00","564605.00","--","272960.00","160258.00","433218.00","73638.00","359580.00","--","--","359580.00","-85745.00","--","273835.00","115211.00","--","244369.00","95925.00","--","177910.00","0.33"
"115/08/20","115","2","2408","南亞科","131636005.00","32693063.00","--","--","98942942.00","9355.00","1746.00","98935333.00","7997773.00","--","90937560.00","3109911.00","94047471.00","17797448.00","76250023.00","--","--","76250023.00","1664384.00","--","77914407.00","76251525.00","--","-1502.00","77915130.00","--","-723.00","23.38"
"115/08/20","115","2","2409","友達","139922549.00","122490911.00","--","--","17431638.00","--","--","17431638.00","17848917.00","--","-417279.00","2666872.00","2249593.00","1168992.00","1080601.00","--","--","1080601.00","5605877.00","--","6686478.00","199555.00","--","881046.00","5488017.00","--","1198461.00","0.03"
"115/08/20","115","2","2412","中華電","121351909.00","75566838.00","--","--","45785071.00","--","--","45785071.00","19423637.00","4499.00","26365933.00","767574.00","27133507.00","5259620.00","21873887.00","--","--","21873887.00","-100149.00","--","21773738.00","20751322.00","--","1122565.00","20593145.00","--","1180593.00","2.68"
"115/08/20","115","2","2413","環科","1800569.00","1495008.00","--","--","305561.00","--","--","305561.00","243470.00","--","62091.00","278985.00","341076.00","36229.00","304847.00","--","--","304847.00","6236.00","--","311083.00","304846.00","--","1.00","311082.00","--","1.00","2.39"
"115/08/20","115","2","2414","精技","20333244.00","18890488.00","--","--","1442756.00","--","--","1442756.00","862418.00","--","580338.00","-8256.00","572082.00","112741.00","459341.00","--","--","459341.00","1814.00","--","461155.00","408487.00","--","50854.00","409237.00","--","51918.00","2.53"
"115/08/20","115","2","2415","錩新","1237521.00","952845.00","--","--","284676.00","--","--","284676.00","159344.00","-44918.00","80414.00","-13108.00","67306.00","24496.00","42810.00","--","--","42810.00","54233.00","--","97043.00","41950.00","--","860.00","77963.00","--","19080.00","0.47"
"115/08/20","115","2","2417","圓剛","1871573.00","792686.00","--","--","1078887.00","--","--","1078887.00","945085.00","--","133802.00","35841.00","169643.00","28698.00","140945.00","--","--","140945.00","4163.00","--","145108.00","75724.00","--","65221.00","78076.00","--","67032.00","0.60"
"115/08/20","115","2","2419","仲琦","4119381.00","3350318.00","--","--","769063.00","--","--","769063.00","706911.00","--","62152.00","46474.00","108626.00","29912.00","78714.00","--","--","78714.00","30606.00","--","109320.00","45441.00","--","33273.00","75779.00","--","33541.00","0.14"
"115/08/20","115","2","2420","新巨","1144301.00","581956.00","--","--","562345.00","--","--","562345.00","190605.00","--","371740.00","69698.00","441438.00","89418.00","352020.00","--","--","352020.00","23212.00","--","375232.00","351551.00","--","469.00","374763.00","--","469.00","2.30"
"115/08/20","115","2","2421","建準","10438117.00","7155364.00","--","--","3282753.00","--","--","3282753.00","1658323.00","--","1624430.00","92804.00","1717234.00","378095.00","1339139.00","--","--","1339139.00","96904.00","--","1436043.00","1339139.00","--","0.00","1436043.00","--","0.00","4.78"
"115/08/20","115","2","2423","固緯","1708577.00","756071.00","--","--","952506.00","--","--","952506.00","527181.00","--","425325.00","43796.00","469121.00","107238.00","361883.00","--","--","361883.00","26984.00","--","388867.00","361883.00","--","0.00","388867.00","--","0.00","2.49"
"115/08/20","115","2","2424","隴華","86587.00","72235.00","--","--","14352.00","--","--","14352.00","80378.00","--","-66026.00","3568.00","-62458.00","0.00","-62458.00","--","--","-62458.00","-95.00","--","-62553.00","-58842.00","--","-3616.00","-58902.00","--","-3651.00","-0.99"
"115/08/20","115","2","2425","承啟","1656969.00","1538195.00","--","--","118774.00","--","--","118774.00","108586.00","--","10188.00","17926.00","28114.00","16418.00","11696.00","106391.00","--","118087.00","56446.00","--","174533.00","65955.00","--","52132.00","102378.00","--","72155.00","0.68"
"115/08/20","115","2","2426","鼎元","1237137.00","974505.00","--","--","262632.00","--","--","262632.00","191076.00","800.00","72356.00","12212.00","84568.00","1409.00","83159.00","--","--","83159.00","12279.00","--","95438.00","83159.00","--","--","95438.00","--","--","0.28"
"115/08/20","115","2","2427","三商電","3143801.00","2386294.00","--","--","757507.00","--","--","757507.00","598125.00","--","159382.00","19368.00","178750.00","33358.00","145392.00","--","--","145392.00","120339.00","--","265731.00","145392.00","--","--","265731.00","--","--","0.73"
"115/08/20","115","2","2428","興勤","4751446.00","3041663.00","--","--","1709783.00","--","--","1709783.00","634049.00","--","1075734.00","245647.00","1321381.00","352157.00","969224.00","--","--","969224.00","424698.00","--","1393922.00","967003.00","--","2221.00","1391701.00","--","2221.00","7.55"
"115/08/20","115","2","2429","銘旺科","200442.00","191252.00","--","--","9190.00","--","--","9190.00","69468.00","--","-60278.00","-4868.00","-65146.00","426.00","-65572.00","--","--","-65572.00","3979.00","--","-61593.00","-65067.00","--","-505.00","-61088.00","--","-505.00","-0.76"
"115/08/20","115","2","2430","燦坤","8671133.00","7405635.00","--","--","1265498.00","--","--","1265498.00","1232214.00","--","33284.00","-21317.00","11967.00","1684.00","10283.00","--","--","10283.00","-4382.00","--","5901.00","10283.00","--","--","5901.00","--","--","0.09"
"115/08/20","115","2","2431","聯昌","121386.00","122688.00","--","--","-1302.00","--","--","-1302.00","47280.00","--","-48582.00","12934.00","-35648.00","-3.00","-35645.00","--","--","-35645.00","26845.00","--","-8800.00","-35645.00","--","--","-8800.00","--","--","-0.32"
"115/08/20","115","2","2432","倚天酷碁-創","2246753.00","2008186.00","--","--","238567.00","--","--","238567.00","199845.00","--","38722.00","22602.00","61324.00","10440.00","50884.00","--","--","50884.00","32259.00","--","83143.00","50884.00","0.00","--","83143.00","0.00","--","0.82"
"115/08/20","115","2","2433","互盛電","1366908.00","878845.00","--","--","488063.00","--","--","488063.00","293522.00","--","194541.00","9237.00","203778.00","42020.00","161758.00","--","--","161758.00","184925.00","--","346683.00","153621.00","--","8137.00","305738.00","--","40945.00","1.06"
"115/08/20","115","2","2434","統懋","26784.00","38139.00","--","--","-11355.00","--","--","-11355.00","29201.00","--","-40556.00","18403.00","-22153.00","1976.00","-24129.00","--","--","-24129.00","1168.00","--","-22961.00","-24129.00","--","--","-22961.00","--","--","-0.65"
"115/08/20","115","2","2436","偉詮電","2207387.00","1493633.00","--","--","713754.00","--","--","713754.00","454021.00","--","259733.00","440949.00","700682.00","102931.00","597751.00","--","--","597751.00","222297.00","--","820048.00","596846.00","--","905.00","818061.00","--","1987.00","3.02"
"115/08/20","115","2","2438","翔耀","291676.00","262758.00","--","--","28918.00","--","--","28918.00","101537.00","--","-72619.00","-10243.00","-82862.00","0.00","-82862.00","--","--","-82862.00","-1966.00","--","-84828.00","-61376.00","--","-21486.00","-63342.00","--","-21486.00","-0.94"
"115/08/20","115","2","2439","美律","21408429.00","19068968.00","--","--","2339461.00","--","--","2339461.00","2129390.00","--","210071.00","379749.00","589820.00","-47826.00","637646.00","--","--","637646.00","265882.00","--","903528.00","381852.00","--","255794.00","628458.00","--","275070.00","1.54"
"115/08/20","115","2","2440","太空梭","2215546.00","2111983.00","--","--","103563.00","--","--","103563.00","63133.00","--","40430.00","-8434.00","31996.00","8346.00","23650.00","--","--","23650.00","207012.00","--","230662.00","23650.00","--","--","230662.00","--","--","0.17"
"115/08/20","115","2","2441","超豐","10005945.00","7609096.00","--","--","2396849.00","--","--","2396849.00","389995.00","--","2006854.00","111534.00","2118388.00","425891.00","1692497.00","--","--","1692497.00","3347575.00","--","5040072.00","1692535.00","--","-38.00","5040110.00","--","-38.00","2.98"
"115/08/20","115","2","2442","新美齊","3557300.00","2623005.00","--","--","934295.00","--","--","934295.00","247417.00","--","686878.00","76260.00","763138.00","152157.00","610981.00","--","--","610981.00","-16127.00","--","594854.00","374566.00","--","236415.00","358439.00","--","236415.00","1.16"
"115/08/20","115","2","2444","兆勁","433549.00","455953.00","--","--","-22404.00","--","--","-22404.00","115003.00","--","-137407.00","-154.00","-137561.00","0.00","-137561.00","--","--","-137561.00","2118.00","--","-135443.00","-137561.00","0.00","0.00","-135443.00","0.00","0.00","-1.35"
"115/08/20","115","2","2449","京元電子","21333559.00","12882853.00","--","--","8450706.00","--","--","8450706.00","2850946.00","--","5599760.00","284446.00","5884206.00","1106018.00","4778188.00","0.00","--","4778188.00","8679293.00","--","13457481.00","4778004.00","--","184.00","13457490.00","--","-9.00","3.91"
"115/08/20","115","2","2450","神腦","17234568.00","15527561.00","--","--","1707007.00","--","--","1707007.00","1552561.00","-505.00","153941.00","53813.00","207754.00","35045.00","172709.00","--","--","172709.00","2343.00","--","175052.00","172952.00","--","-243.00","175295.00","--","-243.00","0.67"
"115/08/20","115","2","2451","創見","32443888.00","7538847.00","--","--","24905041.00","--","--","24905041.00","992874.00","--","23912167.00","940547.00","24852714.00","4833004.00","20019710.00","--","--","20019710.00","466394.00","--","20486104.00","20019710.00","--","--","20486104.00","--","--","46.63"
"115/08/20","115","2","2453","凌群","3380233.00","2539749.00","--","--","840484.00","--","--","840484.00","664574.00","--","175910.00","18404.00","194314.00","43771.00","150543.00","--","--","150543.00","11068.00","--","161611.00","152594.00","--","-2051.00","163452.00","--","-1841.00","1.53"
"115/08/20","115","2","2454","聯發科","301333121.00","161970152.00","--","--","139362969.00","--","--","139362969.00","93604343.00","--","45758626.00","9222453.00","54981079.00","5999642.00","48981437.00","--","--","48981437.00","12902151.00","--","61883588.00","48488714.00","--","492723.00","61348301.00","--","535287.00","30.44"
"115/08/20","115","2","2455","全新","1924683.00","1186546.00","--","--","738137.00","--","--","738137.00","287673.00","--","450464.00","29836.00","480300.00","71627.00","408673.00","--","--","408673.00","--","--","408673.00","--","--","--","--","--","--","2.20"
"115/08/20","115","2","2457","飛宏","4329208.00","3352400.00","--","--","976808.00","--","--","976808.00","1232445.00","--","-255637.00","33259.00","-222378.00","56501.00","-278879.00","--","--","-278879.00","174391.00","--","-104488.00","-278879.00","--","--","-104488.00","--","--","-0.65"
"115/08/20","115","2","2458","義隆","6429625.00","3374074.00","--","--","3055551.00","--","163.00","3055714.00","1580046.00","--","1475668.00","355548.00","1831216.00","309561.00","1521655.00","--","--","1521655.00","27929.00","--","1549584.00","1584055.00","--","-62400.00","1611682.00","--","-62098.00","5.53"
"115/08/20","115","2","2459","敦吉","2583740.00","1807675.00","--","--","776065.00","--","--","776065.00","369224.00","--","406841.00","71445.00","478286.00","144346.00","333940.00","--","--","333940.00","352983.00","--","686923.00","336357.00","--","-2417.00","672453.00","--","14470.00","3.19"
"115/08/20","115","2","2460","建通","2394267.00","2140337.00","--","--","253930.00","--","--","253930.00","184010.00","--","69920.00","7425.00","77345.00","33742.00","43603.00","--","--","43603.00","76648.00","--","120251.00","43603.00","--","--","120251.00","--","--","0.26"
"115/08/20","115","2","2461","光群雷","2671688.00","1949006.00","--","--","722682.00","--","--","722682.00","526183.00","--","196499.00","-59710.00","136789.00","44853.00","91936.00","--","--","91936.00","111568.00","--","203504.00","113072.00","--","-21136.00","200527.00","--","2977.00","0.64"
"115/08/20","115","2","2462","良得電","2021443.00","1827667.00","--","--","193776.00","--","--","193776.00","227657.00","--","-33881.00","33864.00","-17.00","27096.00","-27113.00","--","--","-27113.00","99500.00","--","72387.00","-28111.00","--","998.00","53350.00","--","19037.00","-0.19"
"115/08/20","115","2","2464","盟立","4033517.00","3204556.00","--","--","828961.00","--","4686.00","833647.00","657603.00","-5.00","176039.00","-21098.00","154941.00","19243.00","135698.00","--","--","135698.00","111730.00","--","247428.00","135280.00","--","418.00","246983.00","--","445.00","0.66"
"115/08/20","115","2","2465","麗臺","4074873.00","3599926.00","--","--","474947.00","--","--","474947.00","209676.00","--","265271.00","40097.00","305368.00","43445.00","261923.00","0.00","--","261923.00","14808.00","--","276731.00","261923.00","--","0.00","276731.00","--","0.00","2.79"
"115/08/20","115","2","2466","冠西電","397988.00","315338.00","--","--","82650.00","--","--","82650.00","131076.00","--","-48426.00","74252.00","25826.00","17153.00","8673.00","--","--","8673.00","-78900.00","--","-70227.00","8673.00","--","--","-70227.00","--","--","0.05"
"115/08/20","115","2","2467","志聖","5044062.00","2568235.00","--","--","2475827.00","--","--","2475827.00","1161387.00","--","1314440.00","177520.00","1491960.00","340888.00","1151072.00","--","--","1151072.00","7289036.00","--","8440108.00","1106348.00","--","44724.00","8374801.00","--","65307.00","7.16"
"115/08/20","115","2","2468","華經","1290969.00","1151542.00","--","--","139427.00","--","--","139427.00","92410.00","--","47017.00","7025.00","54042.00","11275.00","42767.00","--","--","42767.00","264.00","--","43031.00","42767.00","--","--","43031.00","--","--","0.61"
"115/08/20","115","2","2471","資通","474859.00","294003.00","--","--","180856.00","--","--","180856.00","127016.00","--","53840.00","29306.00","83146.00","7555.00","75591.00","--","--","75591.00","1840.00","--","77431.00","75740.00","--","-149.00","77491.00","--","-60.00","1.60"
"115/08/20","115","2","2472","立隆電","6625090.00","4580230.00","--","--","2044860.00","--","--","2044860.00","695430.00","--","1349430.00","21586.00","1371016.00","410295.00","960721.00","--","--","960721.00","571449.00","--","1532170.00","656365.00","--","304356.00","1027610.00","--","504560.00","3.98"
"115/08/20","115","2","2474","可成","6455149.00","4594281.00","--","--","1860868.00","--","--","1860868.00","1569629.00","--","291239.00","3227114.00","3518353.00","572251.00","2946102.00","--","--","2946102.00","6306809.00","--","9252911.00","2839850.00","--","106252.00","9146659.00","--","106252.00","5.14"
"115/08/20","115","2","2476","鉅祥","4734678.00","3276223.00","--","--","1458455.00","--","--","1458455.00","543794.00","191.00","914852.00","50470.00","965322.00","246906.00","718416.00","--","--","718416.00","162714.00","--","881130.00","651261.00","--","67155.00","798294.00","--","82836.00","2.98"
"115/08/20","115","2","2477","美隆電","1084161.00","826843.00","--","--","257318.00","--","--","257318.00","247357.00","--","9961.00","29676.00","39637.00","20427.00","19210.00","--","--","19210.00","61034.00","--","80244.00","27386.00","--","-8176.00","100095.00","--","-19851.00","0.17"
"115/08/20","115","2","2478","大毅","3129590.00","2283986.00","--","--","845604.00","--","--","845604.00","347014.00","--","498590.00","-12359.00","486231.00","67763.00","418468.00","--","--","418468.00","130065.00","--","548533.00","415398.00","--","3070.00","544401.00","--","4132.00","2.91"
"115/08/20","115","2","2480","敦陽科","4882885.00","3765048.00","--","--","1117837.00","--","--","1117837.00","526598.00","--","591239.00","50608.00","641847.00","119233.00","522614.00","--","--","522614.00","62354.00","--","584968.00","522614.00","--","0.00","584968.00","--","0.00","4.91"
"115/08/20","115","2","2481","強茂","7376723.00","4942625.00","--","--","2434098.00","--","--","2434098.00","1747302.00","--","686796.00","361671.00","1048467.00","212325.00","836142.00","--","--","836142.00","295219.00","--","1131361.00","775929.00","--","60213.00","1057559.00","--","73802.00","2.03"
"115/08/20","115","2","2482","連宇","233542.00","138421.00","--","--","95121.00","--","--","95121.00","158025.00","--","-62904.00","16338.00","-46566.00","-10711.00","-35855.00","--","--","-35855.00","62787.00","--","26932.00","-36144.00","--","289.00","26643.00","--","289.00","-0.46"
"115/08/20","115","2","2483","百容","1046073.00","897810.00","--","--","148263.00","--","--","148263.00","133834.00","--","14429.00","28699.00","43128.00","-1339.00","44467.00","--","--","44467.00","165733.00","--","210200.00","43619.00","--","848.00","207293.00","--","2907.00","0.40"
"115/08/20","115","2","2484","希華","1214333.00","915120.00","--","--","299213.00","--","--","299213.00","174683.00","--","124530.00","46727.00","171257.00","33360.00","137897.00","--","--","137897.00","304863.00","--","442760.00","137883.00","--","14.00","442741.00","--","19.00","0.86"
"115/08/20","115","2","2485","兆赫","1954758.00","1588271.00","--","--","366487.00","--","--","366487.00","256998.00","--","109489.00","91005.00","200494.00","19086.00","181408.00","--","--","181408.00","47713.00","--","229121.00","175960.00","--","5448.00","223673.00","--","5448.00","0.55"
"115/08/20","115","2","2486","一詮","3682920.00","2909336.00","--","--","773584.00","--","--","773584.00","477241.00","--","296343.00","-33401.00","262942.00","56057.00","206885.00","--","--","206885.00","89657.00","--","296542.00","211989.00","--","-5104.00","301646.00","--","-5104.00","0.91"
"115/08/20","115","2","2488","漢平","1543276.00","1202081.00","--","--","341195.00","--","--","341195.00","165561.00","--","175634.00","45504.00","221138.00","44661.00","176477.00","--","--","176477.00","33071.00","--","209548.00","176477.00","--","--","209548.00","--","--","2.21"
"115/08/20","115","2","2489","瑞軒","13171088.00","12108035.00","--","--","1063053.00","--","--","1063053.00","960574.00","--","102479.00","234114.00","336593.00","60402.00","276191.00","--","--","276191.00","304737.00","--","580928.00","268941.00","--","7250.00","572389.00","--","8539.00","0.44"
"115/08/20","115","2","2491","吉祥全","81616.00","64220.00","--","--","17396.00","--","--","17396.00","156304.00","--","-138908.00","3307165.00","3168257.00","-45.00","3168302.00","--","--","3168302.00","690510.00","--","3858812.00","2458432.00","--","709870.00","3148942.00","--","709870.00","29.98"
"115/08/20","115","2","2492","華新科","20848667.00","16807291.00","--","--","4041376.00","--","--","4041376.00","2160726.00","--","1880650.00","1831283.00","3711933.00","926247.00","2785686.00","--","--","2785686.00","14263920.00","--","17049606.00","2391356.00","--","394330.00","15429584.00","--","1620022.00","4.93"
"115/08/20","115","2","2493","揚博","2014306.00","1432165.00","--","--","582141.00","--","--","582141.00","231101.00","--","351040.00","65107.00","416147.00","77875.00","338272.00","--","--","338272.00","7270.00","--","345542.00","338272.00","--","--","345542.00","--","--","2.67"
"115/08/20","115","2","2495","普安","779004.00","454518.00","--","--","324486.00","--","--","324486.00","213829.00","--","110657.00","77345.00","188002.00","22380.00","165622.00","--","--","165622.00","324.00","--","165946.00","165622.00","--","0.00","165946.00","--","0.00","0.61"
"115/08/20","115","2","2496","卓越","415574.00","188383.00","--","--","227191.00","--","--","227191.00","163547.00","--","63644.00","-3842.00","59802.00","12960.00","46842.00","--","--","46842.00","-123.00","--","46719.00","47365.00","--","-523.00","47273.00","--","-554.00","2.48"
"115/08/20","115","2","2497","怡利電","2575334.00","1905123.00","--","--","670211.00","--","--","670211.00","446490.00","--","223721.00","57407.00","281128.00","78202.00","202926.00","--","--","202926.00","-33082.00","--","169844.00","202926.00","--","--","169844.00","--","--","1.59"
"115/08/20","115","2","2498","宏達電","1266828.00","732807.00","--","--","534021.00","--","--","534021.00","1669444.00","--","-1135423.00","646879.00","-488544.00","32593.00","-521137.00","--","--","-521137.00","553331.00","--","32194.00","-521137.00","--","--","32194.00","--","--","-0.62"
"115/08/20","115","2","2501","國建","14436110.00","10821001.00","--","--","3615109.00","--","--","3615109.00","1308552.00","--","2306557.00","-22158.00","2284399.00","369106.00","1915293.00","--","--","1915293.00","1109041.00","--","3024334.00","1653928.00","--","261365.00","2762969.00","--","261365.00","1.43"
"115/08/20","115","2","2504","國產","10249436.00","7610365.00","--","--","2639071.00","--","--","2639071.00","503971.00","--","2135100.00","106395.00","2241495.00","446291.00","1795204.00","--","--","1795204.00","140418.00","--","1935622.00","1733130.00","--","62074.00","1873548.00","--","62074.00","1.47"
"115/08/20","115","2","2505","國揚","597159.00","418934.00","--","--","178225.00","--","--","178225.00","154419.00","--","23806.00","109152.00","132958.00","11003.00","121955.00","--","--","121955.00","114316.00","--","236271.00","119217.00","--","2738.00","233533.00","--","2738.00","0.31"
"115/08/20","115","2","2506","太設","807775.00","433204.00","--","--","374571.00","--","--","374571.00","238977.00","0.00","135594.00","30108.00","165702.00","33127.00","132575.00","--","--","132575.00","115894.00","--","248469.00","118039.00","--","14536.00","234892.00","--","13577.00","0.33"
"115/08/20","115","2","2509","全坤建","126622.00","98864.00","--","--","27758.00","--","--","27758.00","88773.00","--","-61015.00","-58756.00","-119771.00","985.00","-120756.00","--","--","-120756.00","59309.00","--","-61447.00","-117788.00","--","-2968.00","-66613.00","--","5166.00","-0.52"
"115/08/20","115","2","2511","太子","4679293.00","3315149.00","--","--","1364144.00","--","--","1364144.00","1076340.00","--","287804.00","-8501.00","279303.00","46158.00","233145.00","--","--","233145.00","180099.00","--","413244.00","257197.00","--","-24052.00","437296.00","--","-24052.00","0.16"
"115/08/20","115","2","2514","龍邦","10550595.00","9203291.00","--","--","1347304.00","--","--","1347304.00","755792.00","-269600.00","321912.00","-699065.00","-377153.00","177269.00","-554422.00","--","--","-554422.00","-81955.00","--","-636377.00","-236491.00","--","-317931.00","-307990.00","--","-328387.00","-0.65"
"115/08/20","115","2","2515","中工","12963688.00","11885081.00","--","--","1078607.00","--","--","1078607.00","503305.00","--","575302.00","-29655.00","545647.00","127219.00","418428.00","--","--","418428.00","246676.00","--","665104.00","418749.00","--","-321.00","618350.00","--","46754.00","0.25"
"115/08/20","115","2","2516","新建","3679250.00","3477398.00","--","--","201852.00","--","--","201852.00","76578.00","--","125274.00","23748.00","149022.00","0.00","149022.00","--","--","149022.00","8892.00","--","157914.00","149022.00","--","--","157914.00","--","--","0.66"
"115/08/20","115","2","2520","冠德","13225628.00","9757919.00","--","--","3467709.00","--","--","3467709.00","1054442.00","--","2413267.00","5710.00","2418977.00","547957.00","1871020.00","--","--","1871020.00","453.00","--","1871473.00","1109513.00","--","761507.00","1109756.00","--","761717.00","1.87"
"115/08/20","115","2","2524","京城","1308517.00","645664.00","--","--","662853.00","--","--","662853.00","236337.00","--","426516.00","-150671.00","275845.00","44371.00","231474.00","--","--","231474.00","--","--","231474.00","231474.00","--","--","231474.00","--","--","0.63"
"115/08/20","115","2","2527","宏璟","4774291.00","3465725.00","--","--","1308566.00","--","--","1308566.00","215044.00","--","1093522.00","100329.00","1193851.00","161446.00","1032405.00","--","--","1032405.00","19044790.00","--","20077195.00","1043459.00","--","-11054.00","20085298.00","--","-8103.00","3.99"
"115/08/20","115","2","2528","皇普","1668766.00","1122831.00","--","--","545935.00","--","--","545935.00","155071.00","--","390864.00","-29350.00","361514.00","76873.00","284641.00","--","--","284641.00","--","--","284641.00","--","--","--","--","--","--","0.57"
"115/08/20","115","2","2530","華建","208839.00","177413.00","--","--","31426.00","--","--","31426.00","73048.00","--","-41622.00","-49967.00","-91589.00","1820.00","-93409.00","--","--","-93409.00","340.00","--","-93069.00","-89867.00","--","-3542.00","-89527.00","--","-3542.00","-0.11"
"115/08/20","115","2","2534","宏盛","506501.00","140012.00","--","--","366489.00","--","--","366489.00","250566.00","--","115923.00","-179367.00","-63444.00","23289.00","-86733.00","--","--","-86733.00","63532.00","--","-23201.00","-86733.00","--","--","-23201.00","--","--","-0.18"
"115/08/20","115","2","2535","達欣工","13418087.00","11784141.00","--","--","1633946.00","--","--","1633946.00","410001.00","--","1223945.00","682068.00","1906013.00","263800.00","1642213.00","--","--","1642213.00","30869.00","--","1673082.00","1643272.00","--","-1059.00","1668067.00","--","5015.00","6.32"
"115/08/20","115","2","2536","宏普","4990851.00","3924864.00","--","--","1065987.00","--","--","1065987.00","155208.00","--","910779.00","-115044.00","795735.00","60263.00","735472.00","--","--","735472.00","--","--","735472.00","732334.00","--","3138.00","732334.00","--","3138.00","2.20"
"115/08/20","115","2","2537","聯上發","1464948.00","1131389.00","--","--","333559.00","--","--","333559.00","120260.00","--","213299.00","-49242.00","164057.00","40167.00","123890.00","--","--","123890.00","--","--","123890.00","--","--","--","--","--","--","0.41"
"115/08/20","115","2","2538","基泰","156160.00","14589.00","--","--","141571.00","--","--","141571.00","90501.00","--","51070.00","-60660.00","-9590.00","-407.00","-9183.00","--","--","-9183.00","0.00","--","-9183.00","-9183.00","--","0.00","-9183.00","--","0.00","-0.02"
"115/08/20","115","2","2539","櫻花建","8550277.00","4716286.00","--","--","3833991.00","--","--","3833991.00","362414.00","--","3471577.00","37759.00","3509336.00","691144.00","2818192.00","--","--","2818192.00","--","--","2818192.00","2818192.00","--","--","2818192.00","--","--","2.36"
"115/08/20","115","2","2540","愛山林","3743147.00","3048500.00","--","--","694647.00","--","--","694647.00","597225.00","--","97422.00","-78339.00","19083.00","4045.00","15038.00","--","--","15038.00","--","--","15038.00","15038.00","--","0.00","15038.00","--","--","0.02"
"115/08/20","115","2","2542","興富發","33236853.00","22933838.00","--","--","10303015.00","--","--","10303015.00","2072271.00","--","8230744.00","279461.00","8510205.00","1500200.00","7010005.00","--","--","7010005.00","1123.00","--","7011128.00","5167757.00","--","1842248.00","5168880.00","--","1842248.00","2.45"
"115/08/20","115","2","2543","皇昌","7743874.00","6495090.00","--","--","1248784.00","0.00","0.00","1248784.00","294881.00","0.00","953903.00","-64758.00","889145.00","164957.00","724188.00","--","--","724188.00","0.00","--","724188.00","707652.00","--","16536.00","707652.00","0.00","16536.00","1.34"
"115/08/20","115","2","2545","皇翔","3563099.00","2582461.00","--","--","980638.00","--","--","980638.00","529561.00","--","451077.00","410069.00","861146.00","88161.00","772985.00","--","--","772985.00","--","--","772985.00","772985.00","--","--","772985.00","--","--","2.04"
"115/08/20","115","2","2546","根基","11254443.00","9631846.00","--","--","1622597.00","--","--","1622597.00","252376.00","--","1370221.00","92873.00","1463094.00","303206.00","1159888.00","--","--","1159888.00","2896.00","--","1162784.00","1159878.00","--","10.00","1162773.00","--","11.00","8.89"
"115/08/20","115","2","2547","日勝生","3868922.00","2222099.00","--","--","1646823.00","--","--","1646823.00","960686.00","--","686137.00","-386507.00","299630.00","259814.00","39816.00","--","--","39816.00","0.00","--","39816.00","15143.00","--","24673.00","15143.00","--","24673.00","0.01"
"115/08/20","115","2","2548","華固","5707481.00","4166293.00","--","--","1541188.00","--","--","1541188.00","390917.00","--","1150271.00","42891.00","1193162.00","249788.00","943374.00","--","--","943374.00","1329.00","--","944703.00","943338.00","--","36.00","944350.00","--","353.00","2.81"
"115/08/20","115","2","2597","潤弘","16111432.00","13338545.00","--","--","2772887.00","--","--","2772887.00","653247.00","--","2119640.00","36301.00","2155941.00","411969.00","1743972.00","--","--","1743972.00","-223805.00","--","1520167.00","1577532.00","--","166440.00","1375958.00","--","144209.00","5.08"
"115/08/20","115","2","2601","益航","975305.00","752254.00","--","--","223051.00","--","--","223051.00","58495.00","--","164556.00","-302444.00","-137888.00","7467.00","-145355.00","0.00","--","-145355.00","149248.00","--","3893.00","-164208.00","--","18853.00","-14960.00","--","18853.00","-0.20"
"115/08/20","115","2","2603","長榮","191672454.00","154308221.00","--","--","37364233.00","--","6542.00","37370775.00","9354138.00","289640.00","28306277.00","3197580.00","31503857.00","6470760.00","25033097.00","--","--","25033097.00","7781885.00","--","32814982.00","24337452.00","--","695645.00","31789680.00","--","1025302.00","11.24"
"115/08/20","115","2","2605","新興","2697089.00","1511259.00","--","--","1185830.00","--","--","1185830.00","282616.00","--","903214.00","1456976.00","2360190.00","211748.00","2148442.00","0.00","--","2148442.00","302041.00","--","2450483.00","2148442.00","--","--","2450483.00","--","--","3.67"
"115/08/20","115","2","2606","裕民","8905279.00","5888435.00","--","--","3016844.00","--","--","3016844.00","471464.00","--","2545380.00","483412.00","3028792.00","65229.00","2963563.00","--","--","2963563.00","838676.00","--","3802239.00","2963563.00","--","--","3802239.00","--","--","3.51"
"115/08/20","115","2","2607","榮運","9044200.00","7156453.00","--","--","1887747.00","--","--","1887747.00","807966.00","--","1079781.00","779573.00","1859354.00","407736.00","1451618.00","--","--","1451618.00","846927.00","--","2298545.00","1431407.00","--","20211.00","2276667.00","--","21878.00","2.68"
"115/08/20","115","2","2608","嘉里大榮","6211575.00","5085858.00","--","--","1125717.00","--","--","1125717.00","388960.00","--","736757.00","-32413.00","704344.00","140816.00","563528.00","--","--","563528.00","17066.00","--","580594.00","448455.00","--","115073.00","465095.00","--","115499.00","0.96"
"115/08/20","115","2","2609","陽明","84583500.00","73703908.00","--","--","10879592.00","--","--","10879592.00","4585659.00","138424.00","6432357.00","2444176.00","8876533.00","1560927.00","7315606.00","--","--","7315606.00","1321648.00","--","8637254.00","7169461.00","--","146145.00","8511112.00","--","126142.00","2.05"
"115/08/20","115","2","2610","華航","120815551.00","101972191.00","--","--","18843360.00","--","--","18843360.00","9742049.00","--","9101311.00","220353.00","9321664.00","1626361.00","7695303.00","--","--","7695303.00","-97911.00","--","7597392.00","6582106.00","--","1113197.00","6475321.00","--","1122071.00","1.08"
"115/08/20","115","2","2611","志信","623739.00","451354.00","--","--","172385.00","--","--","172385.00","117464.00","--","54921.00","150391.00","205312.00","26494.00","178818.00","--","--","178818.00","-11032.00","--","167786.00","170119.00","--","8699.00","159082.00","--","8704.00","0.90"
"115/08/20","115","2","2612","中航","2579936.00","1660406.00","--","--","919530.00","--","--","919530.00","260059.00","--","659471.00","-67479.00","591992.00","51331.00","540661.00","--","--","540661.00","239121.00","--","779782.00","541133.00","0.00","-472.00","780254.00","0.00","-472.00","2.74"
"115/08/20","115","2","2613","中櫃","1745660.00","1468736.00","--","--","276924.00","--","--","276924.00","107371.00","--","169553.00","-51409.00","118144.00","23346.00","94798.00","--","--","94798.00","-5685.00","--","89113.00","92666.00","--","2132.00","86981.00","--","2132.00","0.68"
"115/08/20","115","2","2614","東森","2544856.00","1720918.00","--","--","823938.00","--","--","823938.00","659668.00","--","164270.00","111419.00","275689.00","26773.00","248916.00","--","--","248916.00","15296.00","--","264212.00","272526.00","--","-23610.00","287817.00","--","-23605.00","0.83"
"115/08/20","115","2","2615","萬海","76541362.00","55854096.00","--","--","20687266.00","--","--","20687266.00","3908890.00","180063.00","16958439.00","8943574.00","25902013.00","6683922.00","19218091.00","--","--","19218091.00","2473300.00","--","21691391.00","19206137.00","--","11954.00","21688654.00","--","2737.00","6.84"
"115/08/20","115","2","2616","山隆","4373408.00","4086639.00","--","--","286769.00","--","--","286769.00","639294.00","--","-352525.00","11895.00","-340630.00","15965.00","-356595.00","--","--","-356595.00","246416.00","--","-110179.00","-357692.00","--","1097.00","-112631.00","--","2452.00","-2.63"
"115/08/20","115","2","2617","台航","2370150.00","1338583.00","--","--","1031567.00","--","--","1031567.00","82268.00","--","949299.00","-103118.00","846181.00","199700.00","646481.00","--","--","646481.00","94831.00","--","741312.00","646481.00","--","--","741312.00","--","--","1.55"
"115/08/20","115","2","2618","長榮航","128285547.00","102844203.00","--","--","25441344.00","--","--","25441344.00","8442403.00","--","16998941.00","-624714.00","16374227.00","3165890.00","13208337.00","--","--","13208337.00","-272581.00","--","12935756.00","12116416.00","--","1091921.00","11842568.00","--","1093188.00","2.24"
"115/08/20","115","2","2630","亞航","2095551.00","1917670.00","--","--","177881.00","--","--","177881.00","134517.00","--","43364.00","-12849.00","30515.00","6329.00","24186.00","--","--","24186.00","4177.00","--","28363.00","24186.00","--","--","28363.00","--","--","0.12"
"115/08/20","115","2","2633","台灣高鐵","27812094.00","15542614.00","--","--","12269480.00","--","--","12269480.00","1097315.00","--","11172165.00","-6781502.00","4390663.00","636417.00","3754246.00","--","--","3754246.00","--","--","3754246.00","--","--","--","--","--","--","0.67"
"115/08/20","115","2","2634","漢翔","16782863.00","14444822.00","--","--","2338041.00","--","--","2338041.00","665852.00","--","1672189.00","-84128.00","1588061.00","362000.00","1226061.00","--","--","1226061.00","31926.00","--","1257987.00","1226061.00","--","--","1257987.00","--","--","1.30"
"115/08/20","115","2","2636","台驊控股","11419993.00","9728128.00","--","--","1691865.00","--","--","1691865.00","1350269.00","--","341596.00","314165.00","655761.00","136511.00","519250.00","--","--","519250.00","-8496.00","--","510754.00","525876.00","--","-6626.00","508379.00","--","2375.00","3.84"
"115/08/20","115","2","2642","宅配通","1594336.00","1527554.00","--","--","66782.00","--","--","66782.00","198020.00","--","-131238.00","12920.00","-118318.00","1938.00","-120256.00","--","--","-120256.00","-56895.00","--","-177151.00","-120256.00","--","--","-177151.00","--","--","-1.26"
"115/08/20","115","2","2645","長榮航太","9960855.00","7542627.00","--","--","2418228.00","--","--","2418228.00","398914.00","--","2019314.00","129363.00","2148677.00","429735.00","1718942.00","--","--","1718942.00","6191.00","--","1725133.00","--","--","--","--","--","--","4.59"
"115/08/20","115","2","2646","星宇航空","28552856.00","25214032.00","--","--","3338824.00","--","--","3338824.00","2821384.00","--","517440.00","-862960.00","-345520.00","0.00","-345520.00","--","--","-345520.00","-290041.00","--","-635561.00","--","--","--","--","--","--","-0.11"
"115/08/20","115","2","2701","萬企","128931.00","25711.00","--","--","103220.00","--","--","103220.00","17819.00","--","85401.00","78440.00","163841.00","32512.00","131329.00","--","--","131329.00","109803.00","--","241132.00","--","--","--","--","--","--","0.29"
"115/08/20","115","2","2702","華園","738866.00","80328.00","--","--","658538.00","--","--","658538.00","582299.00","--","76239.00","-27536.00","48703.00","541.00","48162.00","--","--","48162.00","24143.00","--","72305.00","48162.00","--","--","72305.00","--","--","0.31"
"115/08/20","115","2","2704","國賓","705490.00","493309.00","--","--","212181.00","--","--","212181.00","190685.00","--","21496.00","802436.00","823932.00","211941.00","611991.00","--","--","611991.00","6540294.00","--","7152285.00","611688.00","--","303.00","7151982.00","--","303.00","1.67"
"115/08/20","115","2","2705","六福","1037572.00","751671.00","--","--","285901.00","--","--","285901.00","289998.00","--","-4097.00","-82299.00","-86396.00","0.00","-86396.00","--","--","-86396.00","444.00","--","-85952.00","-86396.00","--","--","-85952.00","--","--","-0.45"
"115/08/20","115","2","2706","第一店","178161.00","42143.00","--","--","136018.00","--","--","136018.00","15970.00","--","120048.00","101592.00","221640.00","45374.00","176266.00","--","--","176266.00","150959.00","--","327225.00","--","--","--","--","--","--","0.35"
"115/08/20","115","2","2707","晶華","3610518.00","2353886.00","--","--","1256632.00","--","--","1256632.00","271832.00","--","984800.00","399776.00","1384576.00","275434.00","1109142.00","--","--","1109142.00","19638.00","--","1128780.00","1098842.00","--","10300.00","1118480.00","--","10300.00","8.62"
"115/08/20","115","2","2712","遠雄來","257541.00","212117.00","--","--","45424.00","--","--","45424.00","69176.00","--","-23752.00","1837.00","-21915.00","127.00","-22042.00","--","--","-22042.00","--","--","-22042.00","--","--","--","--","--","--","-0.21"
"115/08/20","115","2","2722","夏都","278754.00","202266.00","--","--","76488.00","--","--","76488.00","132953.00","-3.00","-56468.00","-1543.00","-58011.00","606.00","-58617.00","--","--","-58617.00","310544.00","--","251927.00","-50267.00","--","-8350.00","117586.00","--","134341.00","-0.35"
"115/08/20","115","2","2727","王品","12917657.00","6765165.00","--","--","6152492.00","--","--","6152492.00","5113852.00","--","1038640.00","-11360.00","1027280.00","201486.00","825794.00","--","--","825794.00","77574.00","--","903368.00","816918.00","--","8876.00","879756.00","--","23612.00","9.86"
"115/08/20","115","2","2731","雄獅","16461055.00","13971962.00","--","--","2489093.00","--","--","2489093.00","1759276.00","--","729817.00","135814.00","865631.00","178076.00","687555.00","--","--","687555.00","-2171.00","--","685384.00","678347.00","--","9208.00","677145.00","--","8239.00","7.27"
"115/08/20","115","2","2739","寒舍","2691736.00","1604479.00","--","--","1087257.00","--","--","1087257.00","790015.00","44101.00","341343.00","-38773.00","302570.00","52308.00","250262.00","--","--","250262.00","9127.00","--","259389.00","250262.00","--","--","259389.00","--","--","2.73"
"115/08/20","115","2","2748","雲品","1312985.00","894939.00","--","--","418046.00","--","--","418046.00","266840.00","--","151206.00","68.00","151274.00","30514.00","120760.00","--","--","120760.00","-20144.00","--","100616.00","120760.00","--","--","100616.00","--","--","1.14"
"115/08/20","115","2","2753","八方雲集","4596176.00","2940028.00","--","--","1656148.00","--","--","1656148.00","1099776.00","--","556372.00","-5702.00","550670.00","114433.00","436237.00","--","--","436237.00","13374.00","--","449611.00","466992.00","--","-30755.00","475167.00","--","-25556.00","7.01"
"115/08/20","115","2","2901","欣欣","66647.00","8661.00","--","--","57986.00","--","--","57986.00","46072.00","--","11914.00","8067.00","19981.00","3996.00","15985.00","--","--","15985.00","0.00","--","15985.00","--","--","--","--","--","--","0.22"
"115/08/20","115","2","2903","遠百","15962920.00","6522652.00","--","--","9440268.00","--","--","9440268.00","7196885.00","--","2243383.00","-806778.00","1436605.00","610549.00","826056.00","--","--","826056.00","-101556.00","--","724500.00","777526.00","--","48530.00","699585.00","--","24915.00","0.55"
"115/08/20","115","2","2904","匯僑","207979.00","155740.00","--","--","52239.00","--","--","52239.00","43560.00","--","8679.00","398.00","9077.00","-1942.00","11019.00","--","--","11019.00","4019.00","--","15038.00","11022.00","--","-3.00","15041.00","--","-3.00","0.14"
"115/08/20","115","2","2906","高林","4304162.00","2986851.00","--","--","1317311.00","--","--","1317311.00","1187444.00","--","129867.00","156702.00","286569.00","76745.00","209824.00","--","--","209824.00","118781.00","--","328605.00","101888.00","--","107936.00","214069.00","--","114536.00","0.49"
"115/08/20","115","2","2908","特力","17875548.00","12336519.00","--","--","5539029.00","--","--","5539029.00","5035981.00","--","503048.00","196884.00","699932.00","139158.00","560774.00","--","--","560774.00","135330.00","--","696104.00","517831.00","--","42943.00","643979.00","--","52125.00","1.02"
"115/08/20","115","2","2910","統領","279786.00","37891.00","--","--","241895.00","0.00","0.00","241895.00","88680.00","--","153215.00","50615.00","203830.00","25042.00","178788.00","--","--","178788.00","13504.00","--","192292.00","178788.00","--","0.00","192292.00","--","0.00","1.02"
"115/08/20","115","2","2911","麗嬰房","859389.00","494036.00","--","--","365353.00","--","--","365353.00","506807.00","--","-141454.00","124334.00","-17120.00","-10359.00","-6761.00","--","--","-6761.00","556276.00","--","549515.00","-17455.00","--","10694.00","539029.00","--","10486.00","-0.17"
"115/08/20","115","2","2912","統一超","180703389.00","118211845.00","--","--","62491544.00","--","--","62491544.00","54873023.00","--","7618521.00","1710046.00","9328567.00","2009375.00","7319192.00","--","--","7319192.00","1430421.00","--","8749613.00","6265139.00","--","1054053.00","7772692.00","--","976921.00","6.03"
"115/08/20","115","2","2913","農林","220707.00","140452.00","--","--","80255.00","--","--","80255.00","97224.00","--","-16969.00","-62827.00","-79796.00","-26.00","-79770.00","--","--","-79770.00","--","--","-79770.00","--","--","--","--","--","--","-0.10"
"115/08/20","115","2","2915","潤泰全","985891.00","519152.00","--","--","466739.00","--","--","466739.00","399388.00","--","67351.00","9433440.00","9500791.00","61911.00","9438880.00","--","--","9438880.00","62097593.00","--","71536473.00","9349119.00","--","89761.00","71780292.00","--","-243819.00","8.96"
"115/08/20","115","2","2923","鼎固-KY","4272973.00","1976098.00","--","--","2296875.00","--","--","2296875.00","326143.00","-1369450.00","601282.00","38328.00","639610.00","480140.00","159470.00","--","--","159470.00","2459119.00","--","2618589.00","-197917.00","--","357387.00","2261202.00","--","357387.00","-0.11"
"115/08/20","115","2","2945","三商家購","8915469.00","6527606.00","--","--","2387863.00","--","--","2387863.00","2324497.00","--","63366.00","-15909.00","47457.00","11525.00","35932.00","--","--","35932.00","--","--","35932.00","38341.00","--","-2409.00","38341.00","--","-2409.00","0.57"
"115/08/20","115","2","3002","歐格","413953.00","377951.00","--","--","36002.00","--","--","36002.00","81886.00","--","-45884.00","31755.00","-14129.00","-6360.00","-7769.00","--","--","-7769.00","35059.00","--","27290.00","3323.00","--","-11092.00","33339.00","--","-6049.00","0.03"
"115/08/20","115","2","3003","健和興","2876806.00","2198400.00","--","--","678406.00","--","--","678406.00","389378.00","--","289028.00","54696.00","343724.00","105647.00","238077.00","--","--","238077.00","28419.00","--","266496.00","226716.00","--","11361.00","258675.00","--","7821.00","1.46"
"115/08/20","115","2","3004","豐達科","2590139.00","1964615.00","--","--","625524.00","--","--","625524.00","284602.00","--","340922.00","-26399.00","314523.00","56160.00","258363.00","--","--","258363.00","33968.00","--","292331.00","258363.00","--","0.00","292331.00","--","0.00","4.01"
"115/08/20","115","2","3005","神基","20820908.00","14281823.00","--","--","6539085.00","--","--","6539085.00","3345561.00","--","3193524.00","241830.00","3435354.00","598871.00","2836483.00","--","--","2836483.00","901152.00","--","3737635.00","2660369.00","--","176114.00","3506603.00","--","231032.00","4.27"
"115/08/20","115","2","3006","晶豪科","21213118.00","8179056.00","--","--","13034062.00","--","--","13034062.00","3606465.00","--","9427597.00","257265.00","9684862.00","1715907.00","7968955.00","--","--","7968955.00","9329.00","--","7978284.00","7971616.00","--","-2661.00","7980945.00","--","-2661.00","27.58"
"115/08/20","115","2","3008","大立光","29208838.00","14776335.00","--","--","14432503.00","--","--","14432503.00","3472280.00","--","10960223.00","2426892.00","13387115.00","2485095.00","10902020.00","--","--","10902020.00","3538009.00","--","14440029.00","10793182.00","--","108838.00","14327893.00","--","112136.00","82.35"
"115/08/20","115","2","3010","華立","45683039.00","41917374.00","--","--","3765665.00","--","--","3765665.00","1919796.00","--","1845869.00","412930.00","2258799.00","512040.00","1746759.00","--","--","1746759.00","3374932.00","--","5121691.00","1539553.00","--","207206.00","4860541.00","--","261150.00","5.93"
"115/08/20","115","2","3011","今皓","267668.00","255662.00","--","--","12006.00","--","--","12006.00","195829.00","--","-183823.00","-26825.00","-210648.00","-12728.00","-197920.00","--","--","-197920.00","161006.00","--","-36914.00","-195726.00","--","-2194.00","-54095.00","--","17181.00","-1.56"
"115/08/20","115","2","3013","晟銘電","6147745.00","4867708.00","--","--","1280037.00","--","--","1280037.00","459381.00","--","820656.00","-62033.00","758623.00","187719.00","570904.00","--","--","570904.00","25738.00","--","596642.00","570904.00","--","0.00","596642.00","--","0.00","2.78"
"115/08/20","115","2","3014","聯陽","3569479.00","1527287.00","--","--","2042192.00","--","--","2042192.00","1025487.00","--","1016705.00","90731.00","1107436.00","160450.00","946986.00","--","--","946986.00","652743.00","--","1599729.00","946986.00","--","0.00","1599729.00","--","0.00","5.88"
"115/08/20","115","2","3015","全漢","6284874.00","5143756.00","--","--","1141118.00","--","1245.00","1142363.00","1106854.00","--","35509.00","236309.00","271818.00","46816.00","225002.00","--","--","225002.00","2691231.00","--","2916233.00","202351.00","--","22651.00","2892899.00","--","23334.00","1.08"
"115/08/20","115","2","3016","嘉晶","2367626.00","1872478.00","--","--","495148.00","--","--","495148.00","161459.00","--","333689.00","20827.00","354516.00","66187.00","288329.00","--","--","288329.00","-180.00","--","288149.00","288329.00","--","--","288149.00","--","--","1.00"
"115/08/20","115","2","3017","奇鋐","98158910.00","67562811.00","--","--","30596099.00","--","--","30596099.00","5099450.00","--","25496649.00","417441.00","25914090.00","6961196.00","18952894.00","--","--","18952894.00","1457445.00","--","20410339.00","17482966.00","--","1469928.00","18733276.00","--","1677063.00","44.54"
"115/08/20","115","2","3018","隆銘綠能","155900.00","181884.00","--","--","-25984.00","--","--","-25984.00","75901.00","--","-101885.00","-61312.00","-163197.00","238.00","-163435.00","--","--","-163435.00","-437.00","--","-163872.00","-163435.00","--","0.00","-163872.00","--","0.00","-2.17"
"115/08/20","115","2","3019","亞光","14237685.00","11687129.00","--","--","2550556.00","--","--","2550556.00","1261412.00","--","1289144.00","-59328.00","1229816.00","252513.00","977303.00","--","--","977303.00","514320.00","--","1491623.00","830887.00","--","146416.00","1274673.00","--","216950.00","2.98"
"115/08/20","115","2","3021","鴻名","1469618.00","1175223.00","--","--","294395.00","--","--","294395.00","207295.00","--","87100.00","-9833.00","77267.00","38563.00","38704.00","--","--","38704.00","11554.00","--","50258.00","43756.00","--","-5052.00","57400.00","--","-7142.00","0.46"
"115/08/20","115","2","3022","威強電","4081564.00","2943764.00","--","--","1137800.00","334.00","82.00","1137548.00","873453.00","--","264095.00","316138.00","580233.00","-3426.00","583659.00","--","--","583659.00","257669.00","--","841328.00","581707.00","--","1952.00","839376.00","--","1952.00","3.29"
"115/08/20","115","2","3023","信邦","17311456.00","13065616.00","--","--","4245840.00","--","--","4245840.00","2350784.00","--","1895056.00","309943.00","2204999.00","432017.00","1772982.00","--","--","1772982.00","589453.00","--","2362435.00","1768440.00","--","4542.00","2353078.00","--","9357.00","7.37"
"115/08/20","115","2","3024","憶聲","460391.00","332572.00","--","--","127819.00","--","--","127819.00","124796.00","--","3023.00","18380.00","21403.00","6169.00","15234.00","--","--","15234.00","61639.00","--","76873.00","15234.00","--","--","76873.00","--","--","0.05"
"115/08/20","115","2","3025","星通","258581.00","92710.00","--","--","165871.00","--","--","165871.00","121961.00","--","43910.00","27190.00","71100.00","-208.00","71308.00","--","--","71308.00","-9.00","--","71299.00","71308.00","--","0.00","71299.00","--","0.00","1.26"
"115/08/20","115","2","3026","禾伸堂","7715738.00","5765963.00","--","--","1949775.00","--","--","1949775.00","839915.00","--","1109860.00","221249.00","1331109.00","263189.00","1067920.00","--","--","1067920.00","29891.00","--","1097811.00","1116406.00","--","-48486.00","1146367.00","--","-48556.00","6.73"
"115/08/20","115","2","3027","盛達","702374.00","532457.00","--","--","169917.00","6636.00","--","163281.00","195872.00","--","-32591.00","25825.00","-6766.00","9250.00","-16016.00","--","--","-16016.00","2919.00","--","-13097.00","-7376.00","--","-8640.00","-4537.00","--","-8560.00","-0.06"
"115/08/20","115","2","3028","增你強","37224984.00","34140715.00","--","--","3084269.00","--","--","3084269.00","1355908.00","--","1728361.00","-180264.00","1548097.00","304761.00","1243336.00","--","--","1243336.00","419558.00","--","1662894.00","1243336.00","--","--","1662894.00","--","--","5.24"
"115/08/20","115","2","3029","零壹","14119278.00","12377431.00","--","--","1741847.00","--","--","1741847.00","849091.00","--","892756.00","67607.00","960363.00","195597.00","764766.00","--","--","764766.00","-29243.00","--","735523.00","604049.00","--","160717.00","574413.00","--","161110.00","3.63"
"115/08/20","115","2","3030","德律","5387967.00","2186726.00","--","--","3201241.00","--","--","3201241.00","1121996.00","--","2079245.00","77914.00","2157159.00","418649.00","1738510.00","--","--","1738510.00","44029.00","--","1782539.00","1738510.00","--","--","1782539.00","--","--","7.36"
"115/08/20","115","2","3031","佰鴻","642458.00","463136.00","--","--","179322.00","--","--","179322.00","119815.00","--","59507.00","56694.00","116201.00","19387.00","96814.00","--","--","96814.00","47547.00","--","144361.00","98137.00","--","-1323.00","142254.00","--","2107.00","0.57"
"115/08/20","115","2","3032","偉訓","5548893.00","4235540.00","--","--","1313353.00","--","--","1313353.00","763709.00","--","549644.00","-189927.00","359717.00","114577.00","245140.00","--","--","245140.00","296584.00","--","541724.00","209643.00","--","35497.00","425716.00","--","116008.00","1.85"
"115/08/20","115","2","3033","威健","68486502.00","64203747.00","--","--","4282755.00","--","--","4282755.00","1785071.00","--","2497684.00","-313925.00","2183759.00","537963.00","1645796.00","--","--","1645796.00","118312.00","--","1764108.00","1645796.00","--","--","1764108.00","--","--","3.38"
"115/08/20","115","2","3034","聯詠","51805401.00","30608699.00","--","--","21196702.00","--","--","21196702.00","10703223.00","--","10493479.00","1677619.00","12171098.00","2076126.00","10094972.00","0.00","--","10094972.00","5122605.00","--","15217577.00","10094972.00","--","0.00","15217577.00","--","0.00","16.59"
"115/08/20","115","2","3035","智原","5902036.00","3179056.00","--","--","2722980.00","--","--","2722980.00","2356474.00","--","366506.00","194416.00","560922.00","140315.00","420607.00","--","--","420607.00","4153884.00","--","4574491.00","302262.00","--","118345.00","4436480.00","--","138011.00","1.16"
"115/08/20","115","2","3036","文曄","1084966618.00","1047780275.00","--","--","37186343.00","--","--","37186343.00","14248921.00","--","22937422.00","-1687896.00","21249526.00","4529234.00","16720292.00","--","--","16720292.00","6329259.00","--","23049551.00","16722070.00","--","-1778.00","23040758.00","--","8793.00","13.00"
"115/08/20","115","2","3037","欣興","80336273.00","62972093.00","--","--","17364180.00","--","--","17364180.00","7999167.00","42773.00","9407786.00","12466846.00","21874632.00","3151507.00","18723125.00","--","--","18723125.00","1392075.00","--","20115200.00","18157914.00","--","565211.00","19355632.00","--","759568.00","11.70"
"115/08/20","115","2","3038","全台","1448820.00","1132254.00","--","--","316566.00","--","--","316566.00","264087.00","2993.00","55472.00","44979.00","100451.00","8096.00","92355.00","--","--","92355.00","136755.00","--","229110.00","92355.00","--","0.00","229030.00","--","80.00","0.64"
"115/08/20","115","2","3040","遠見","65783.00","26006.00","--","--","39777.00","--","--","39777.00","33893.00","--","5884.00","2012.00","7896.00","14182.00","-6286.00","--","--","-6286.00","32317.00","--","26031.00","-6286.00","--","--","26031.00","--","--","-0.10"
"115/08/20","115","2","3041","揚智","829827.00","405787.00","--","--","424040.00","--","--","424040.00","580471.00","-2128.00","-158559.00","-12707.00","-171266.00","-3312.00","-167954.00","--","--","-167954.00","16313.00","--","-151641.00","-96973.00","--","-70981.00","-88504.00","--","-63137.00","-0.69"
"115/08/20","115","2","3042","晶技","7037996.00","4733718.00","--","--","2304278.00","--","--","2304278.00","1178383.00","--","1125895.00","97421.00","1223316.00","214527.00","1008789.00","--","--","1008789.00","460525.00","--","1469314.00","1005706.00","--","3083.00","1470677.00","--","-1363.00","2.96"
"115/08/20","115","2","3043","科風","443864.00","333842.00","--","--","110022.00","--","--","110022.00","101339.00","--","8683.00","10557.00","19240.00","1755.00","17485.00","--","--","17485.00","-98789.00","--","-81304.00","19169.00","--","-1684.00","-77626.00","--","-3678.00","0.49"
"115/08/20","115","2","3044","健鼎","45821630.00","32783947.00","--","--","13037683.00","--","--","13037683.00","3607233.00","--","9430450.00","357300.00","9787750.00","2945021.00","6842729.00","--","--","6842729.00","1463493.00","--","8306222.00","6842643.00","--","86.00","8306136.00","--","86.00","13.02"
"115/08/20","115","2","3045","台灣大","99210679.00","77521993.00","--","--","21688686.00","--","--","21688686.00","10231352.00","594613.00","12051947.00","-334097.00","11717850.00","2280895.00","9436955.00","--","--","9436955.00","62990.00","--","9499945.00","8685140.00","--","751815.00","8761804.00","--","738141.00","2.86"
"115/08/20","115","2","3046","建碁","4291920.00","3918152.00","--","--","373768.00","--","--","373768.00","139856.00","--","233912.00","25629.00","259541.00","44511.00","215030.00","--","--","215030.00","24539.00","--","239569.00","215592.00","--","-562.00","239934.00","--","-365.00","2.75"
"115/08/20","115","2","3047","訊舟","1542782.00","1153667.00","--","--","389115.00","--","--","389115.00","542836.00","--","-153721.00","34032.00","-119689.00","13721.00","-133410.00","--","--","-133410.00","24985.00","--","-108425.00","-68673.00","--","-64737.00","-42203.00","--","-66222.00","-0.31"
"115/08/20","115","2","3048","益登","73004165.00","69946420.00","--","--","3057745.00","--","--","3057745.00","1415061.00","--","1642684.00","-571981.00","1070703.00","221867.00","848836.00","--","--","848836.00","1198468.00","--","2047304.00","848836.00","--","--","2047304.00","--","--","3.15"
"115/08/20","115","2","3049","精金","198992.00","110160.00","--","--","88832.00","--","--","88832.00","74362.00","--","14470.00","746116.00","760586.00","65581.00","695005.00","-65206.00","--","629799.00","770110.00","--","1399909.00","401666.00","--","228133.00","1152747.00","--","247162.00","0.51"
"115/08/20","115","2","3050","鈺德","582184.00","396898.00","--","--","185286.00","--","--","185286.00","203648.00","--","-18362.00","87962.00","69600.00","11277.00","58323.00","0.00","--","58323.00","-19732.00","--","38591.00","48456.00","0.00","9867.00","36395.00","0.00","2196.00","0.31"
"115/08/20","115","2","3051","力特","935499.00","612611.00","--","--","322888.00","--","--","322888.00","159207.00","--","163681.00","33176.00","196857.00","23561.00","173296.00","--","--","173296.00","783.00","--","174079.00","173296.00","--","--","174079.00","--","--","1.05"
"115/08/20","115","2","3052","夆典","1909647.00","1726707.00","--","--","182940.00","--","--","182940.00","86241.00","--","96699.00","25751.00","122450.00","-19139.00","141589.00","--","--","141589.00","-312.00","--","141277.00","139781.00","--","1808.00","139477.00","--","1800.00","0.69"
"115/08/20","115","2","3054","立萬利","339319.00","156421.00","--","--","182898.00","--","--","182898.00","53920.00","--","128978.00","125660.00","254638.00","20655.00","233983.00","--","--","233983.00","312454.00","--","546437.00","233983.00","--","--","546437.00","--","--","2.90"
"115/08/20","115","2","3055","蔚華科","246507.00","168191.00","--","--","78316.00","--","--","78316.00","205349.00","0.00","-127033.00","112877.00","-14156.00","-7095.00","-7061.00","--","--","-7061.00","-3434.00","--","-10495.00","-3745.00","--","-3316.00","-7179.00","--","-3316.00","-0.03"
"115/08/20","115","2","3056","富華新","525881.00","441230.00","--","--","84651.00","--","--","84651.00","134594.00","--","-49943.00","45695.00","-4248.00","18562.00","-22810.00","--","--","-22810.00","--","--","-22810.00","-22810.00","--","--","-22810.00","--","--","-0.05"
"115/08/20","115","2","3057","喬鼎","292482.00","163297.00","--","--","129185.00","--","--","129185.00","158258.00","--","-29073.00","-577.00","-29650.00","413.00","-30063.00","--","--","-30063.00","344.00","--","-29719.00","-30019.00","--","-44.00","-29678.00","--","-41.00","-0.46"
"115/08/20","115","2","3058","立德","1640138.00","1420174.00","--","--","219964.00","0.00","0.00","219964.00","301324.00","--","-81360.00","54248.00","-27112.00","5745.00","-32857.00","--","--","-32857.00","52361.00","--","19504.00","-28337.00","--","-4520.00","23995.00","--","-4491.00","-0.14"
"115/08/20","115","2","3059","華晶科","4380242.00","3269930.00","--","--","1110312.00","--","--","1110312.00","827359.00","--","282953.00","111842.00","394795.00","87118.00","307677.00","--","--","307677.00","275080.00","--","582757.00","195859.00","--","111818.00","469252.00","--","113505.00","0.64"
"115/08/20","115","2","3060","銘異","2245627.00","1902053.00","--","--","343574.00","--","--","343574.00","237414.00","--","106160.00","23954.00","130114.00","30123.00","99991.00","--","--","99991.00","31850.00","--","131841.00","93759.00","--","6232.00","125707.00","--","6134.00","0.68"
"115/08/20","115","2","3062","建漢","2001161.00","1949512.00","--","--","51649.00","--","--","51649.00","341746.00","--","-290097.00","-4117.00","-294214.00","-6688.00","-287526.00","--","--","-287526.00","22840.00","--","-264686.00","-287526.00","--","--","-264686.00","--","--","-0.88"
"115/08/20","115","2","3090","日電貿","9646164.00","7822199.00","--","--","1823965.00","--","--","1823965.00","655225.00","--","1168740.00","483307.00","1652047.00","240553.00","1411494.00","--","--","1411494.00","4728779.00","--","6140273.00","1388160.00","--","23334.00","6115602.00","--","24671.00","4.91"
"115/08/20","115","2","3092","鴻碩","831202.00","747272.00","--","--","83930.00","--","--","83930.00","292250.00","-3571.00","-211891.00","-3246.00","-215137.00","23476.00","-238613.00","--","--","-238613.00","35217.00","--","-203396.00","-233422.00","--","-5191.00","-198205.00","--","-5191.00","-2.19"
"115/08/20","115","2","3094","聯傑","110894.00","28121.00","--","--","82773.00","--","--","82773.00","68869.00","--","13904.00","22913.00","36817.00","4339.00","32478.00","--","--","32478.00","1546.00","--","34024.00","32478.00","--","--","34024.00","--","--","0.39"
"115/08/20","115","2","3130","一零四","1409168.00","179680.00","--","--","1229488.00","--","--","1229488.00","912722.00","--","316766.00","51414.00","368180.00","49691.00","318489.00","--","--","318489.00","24237.00","--","342726.00","318489.00","--","--","342726.00","--","--","9.60"
"115/08/20","115","2","3135","凌航","11262486.00","8744150.00","--","--","2518336.00","--","--","2518336.00","231357.00","--","2286979.00","-8870.00","2278109.00","456360.00","1821749.00","--","--","1821749.00","--","--","1821749.00","--","--","--","--","--","--","20.87"
"115/08/20","115","2","3138","耀登","844886.00","478198.00","--","--","366688.00","--","--","366688.00","359939.00","--","6749.00","12571.00","19320.00","-1533.00","20853.00","--","--","20853.00","37919.00","--","58772.00","21417.00","--","-564.00","59336.00","--","-564.00","0.41"
"115/08/20","115","2","3149","正達","1144409.00","1186726.00","--","--","-42317.00","--","--","-42317.00","157759.00","--","-200076.00","7871.00","-192205.00","0.00","-192205.00","--","--","-192205.00","3854.00","--","-188351.00","-192205.00","--","--","-188351.00","--","--","-0.85"
"115/08/20","115","2","3150","鈺寶-創","169770.00","93712.00","--","--","76058.00","--","--","76058.00","78901.00","--","-2843.00","3817.00","974.00","-379.00","1353.00","--","--","1353.00","2628.00","--","3981.00","--","--","--","--","--","--","0.03"
"115/08/20","115","2","3164","景岳","192502.00","83165.00","--","--","109337.00","--","--","109337.00","101821.00","--","7516.00","15426.00","22942.00","8280.00","14662.00","--","--","14662.00","33577.00","--","48239.00","19690.00","--","-5028.00","48230.00","--","9.00","0.23"
"115/08/20","115","2","3167","大量","4805427.00","2717545.00","--","--","2087882.00","--","--","2087882.00","911553.00","--","1176329.00","25121.00","1201450.00","376245.00","825205.00","--","--","825205.00","99514.00","--","924719.00","825239.00","--","-34.00","924753.00","--","-34.00","9.26"
"115/08/20","115","2","3168","眾福科","1889565.00","1456051.00","--","--","433514.00","0.00","324.00","433838.00","287548.00","--","146290.00","-56.00","146234.00","8848.00","137386.00","--","--","137386.00","23432.00","--","160818.00","107444.00","--","29942.00","131344.00","--","29474.00","1.43"
"115/08/20","115","2","3189","景碩","23601219.00","17990900.00","--","--","5610319.00","--","--","5610319.00","3041042.00","--","2569277.00","179497.00","2748774.00","189528.00","2559246.00","--","--","2559246.00","125159.00","--","2684405.00","1859785.00","--","699461.00","1965869.00","--","718536.00","3.74"
"115/08/20","115","2","3209","全科","34331720.00","32575391.00","--","--","1756329.00","--","--","1756329.00","742531.00","--","1013798.00","96188.00","1109986.00","344111.00","765875.00","--","--","765875.00","46736.00","--","812611.00","771271.00","--","-5396.00","818007.00","--","-5396.00","3.28"
"115/08/20","115","2","3229","晟鈦","755934.00","656273.00","--","--","99661.00","--","--","99661.00","32997.00","--","66664.00","15173.00","81837.00","-437.00","82274.00","--","--","82274.00","--","--","82274.00","82274.00","--","0.00","82274.00","--","0.00","1.28"
"115/08/20","115","2","3231","緯創","1741745642.00","1646988066.00","--","--","94757576.00","--","--","94757576.00","32173027.00","--","62584549.00","-7992733.00","54591816.00","12826863.00","41764953.00","--","--","41764953.00","6033415.00","--","47798368.00","24458222.00","--","17306731.00","29461235.00","--","18337133.00","7.78"
"115/08/20","115","2","3257","虹冠電","302276.00","173398.00","--","--","128878.00","--","--","128878.00","115086.00","--","13792.00","51794.00","65586.00","14097.00","51489.00","--","--","51489.00","14617.00","--","66106.00","51629.00","--","-140.00","66246.00","--","-140.00","0.65"
"115/08/20","115","2","3266","昇陽","1024116.00","848726.00","--","--","175390.00","--","--","175390.00","130869.00","--","44521.00","6419.00","50940.00","18732.00","32208.00","--","--","32208.00","0.00","--","32208.00","26621.00","--","5587.00","26621.00","--","5587.00","0.08"
"115/08/20","115","2","3296","勝德","821179.00","685096.00","--","--","136083.00","--","--","136083.00","151085.00","--","-15002.00","-1648.00","-16650.00","3104.00","-19754.00","--","--","-19754.00","41163.00","--","21409.00","-19754.00","--","--","21409.00","--","--","-0.20"
"115/08/20","115","2","3305","昇貿","7960699.00","6484064.00","--","--","1476635.00","--","--","1476635.00","562007.00","--","914628.00","-113053.00","801575.00","262559.00","539016.00","--","--","539016.00","97311.00","--","636327.00","537541.00","--","1475.00","634852.00","--","1475.00","3.84"
"115/08/20","115","2","3308","聯德","3132.00","1167.00","--","--","1965.00","--","--","1965.00","23821.00","--","-21856.00","56963.00","35107.00","4499.00","30608.00","--","--","30608.00","7663.00","--","38271.00","30608.00","--","--","38271.00","--","--","0.51"
"115/08/20","115","2","3311","閎暉","1184848.00","1054313.00","--","--","130535.00","--","--","130535.00","134644.00","--","-4109.00","90462.00","86353.00","1921.00","84432.00","--","--","84432.00","-7483.00","--","76949.00","84432.00","--","--","76949.00","--","--","0.84"
"115/08/20","115","2","3312","弘憶股","12216684.00","11576858.00","--","--","639826.00","--","--","639826.00","295920.00","--","343906.00","52945.00","396851.00","60390.00","336461.00","--","--","336461.00","12379.00","--","348840.00","336461.00","--","0.00","348840.00","--","0.00","1.84"
"115/08/20","115","2","3321","同泰","1133355.00","1037155.00","--","--","96200.00","--","--","96200.00","152966.00","--","-56766.00","-7471.00","-64237.00","3297.00","-67534.00","--","--","-67534.00","20973.00","--","-46561.00","-67534.00","--","--","-46561.00","--","--","-0.78"
"115/08/20","115","2","3338","泰碩","1887922.00","1550672.00","--","--","337250.00","--","--","337250.00","287163.00","--","50087.00","-3916.00","46171.00","5891.00","40280.00","--","--","40280.00","47665.00","--","87945.00","40280.00","--","--","87945.00","--","--","0.46"
"115/08/20","115","2","3346","麗清","3613739.00","3271135.00","--","--","342604.00","--","--","342604.00","488561.00","25.00","-145932.00","44576.00","-101356.00","1802.00","-103158.00","--","--","-103158.00","121569.00","--","18411.00","-103158.00","--","--","18411.00","--","--","-0.86"
"115/08/20","115","2","3356","奇偶","561321.00","287924.00","--","--","273397.00","--","--","273397.00","256911.00","--","16486.00","639710.00","656196.00","33089.00","623107.00","--","--","623107.00","4210.00","--","627317.00","623430.00","--","-323.00","627614.00","--","-297.00","7.80"
"115/08/20","115","2","3376","新日興","4984069.00","4390607.00","--","--","593462.00","--","--","593462.00","685408.00","--","-91946.00","177916.00","85970.00","-5670.00","91640.00","--","--","91640.00","42417.00","--","134057.00","91640.00","--","--","134057.00","--","--","0.47"
"115/08/20","115","2","3380","明泰","10480123.00","8588899.00","--","--","1891224.00","--","--","1891224.00","1952451.00","--","-61227.00","99293.00","38066.00","8347.00","29719.00","--","--","29719.00","270870.00","--","300589.00","60957.00","--","-31238.00","320124.00","--","-19535.00","0.11"
"115/08/20","115","2","3406","玉晶光","11823117.00","7877983.00","--","--","3945134.00","--","--","3945134.00","1784870.00","--","2160264.00","-103336.00","2056928.00","471642.00","1585286.00","--","--","1585286.00","888458.00","--","2473744.00","1577080.00","--","8206.00","2467715.00","--","6029.00","13.99"
"115/08/20","115","2","3413","京鼎","11861137.00","9131392.00","--","--","2729745.00","--","--","2729745.00","1233264.00","--","1496481.00","-42114.00","1454367.00","381073.00","1073294.00","--","--","1073294.00","167864.00","--","1241158.00","983884.00","--","89410.00","1149046.00","--","92112.00","8.89"
"115/08/20","115","2","3416","融程電","2123231.00","1304786.00","--","--","818445.00","--","--","818445.00","444656.00","--","373789.00","40229.00","414018.00","69734.00","344284.00","--","--","344284.00","126330.00","--","470614.00","344640.00","--","-356.00","470918.00","--","-304.00","4.28"
"115/08/20","115","2","3419","譁裕","898415.00","786949.00","--","--","111466.00","--","--","111466.00","204736.00","-499.00","-93769.00","5026.00","-88743.00","0.00","-88743.00","--","--","-88743.00","17010.00","--","-71733.00","-88743.00","--","--","-71733.00","--","--","-0.74"
"115/08/20","115","2","3432","台端","145764.00","122038.00","--","--","23726.00","--","--","23726.00","40420.00","--","-16694.00","-485.00","-17179.00","0.00","-17179.00","--","--","-17179.00","3666.00","--","-13513.00","-17179.00","--","--","-13513.00","--","--","-0.41"
"115/08/20","115","2","3437","榮創","703897.00","695249.00","--","--","8648.00","--","--","8648.00","209442.00","--","-200794.00","39191.00","-161603.00","7265.00","-168868.00","--","--","-168868.00","349293.00","--","180425.00","-180893.00","--","12025.00","165973.00","--","14452.00","-1.25"
"115/08/20","115","2","3443","創意","25344369.00","19237045.00","--","--","6107324.00","--","--","6107324.00","2606800.00","--","3500524.00","180169.00","3680693.00","479196.00","3201497.00","--","--","3201497.00","31252.00","--","3232749.00","3201497.00","--","--","3232749.00","--","--","23.89"
"115/08/20","115","2","3447","展達","1678251.00","1522092.00","--","--","156159.00","--","--","156159.00","165709.00","--","-9550.00","47047.00","37497.00","6630.00","30867.00","--","--","30867.00","4289.00","--","35156.00","30867.00","--","--","35156.00","--","--","0.40"
"115/08/20","115","2","3450","聯鈞","5063522.00","3582305.00","--","--","1481217.00","--","--","1481217.00","558934.00","--","922283.00","42268.00","964551.00","284598.00","679953.00","--","--","679953.00","151535.00","--","831488.00","405553.00","--","274400.00","474396.00","--","357092.00","2.78"
"115/08/20","115","2","3481","群創","130344196.00","111449945.00","--","--","18894251.00","--","--","18894251.00","15762390.00","--","3131861.00","1081957.00","4213818.00","-2232103.00","6445921.00","--","--","6445921.00","5431607.00","--","11877528.00","6161018.00","--","284903.00","11542169.00","--","335359.00","0.77"
"115/08/20","115","2","3494","誠研","499914.00","430839.00","--","--","69075.00","--","--","69075.00","92844.00","--","-23769.00","-31781.00","-55550.00","0.00","-55550.00","--","--","-55550.00","515.00","--","-55035.00","-51978.00","--","-3572.00","-51463.00","--","-3572.00","-0.55"
"115/08/20","115","2","3501","維熹","2620394.00","2162994.00","--","--","457400.00","--","--","457400.00","321299.00","--","136101.00","-22305.00","113796.00","28464.00","85332.00","--","--","85332.00","233145.00","--","318477.00","85332.00","--","--","318477.00","--","--","0.72"
"115/08/20","115","2","3504","揚明光","1423232.00","1177005.00","--","--","246227.00","--","--","246227.00","268593.00","--","-22366.00","30405.00","8039.00","-3082.00","11121.00","--","--","11121.00","39531.00","--","50652.00","11121.00","--","--","50652.00","--","0.00","0.10"
"115/08/20","115","2","3515","華擎","23475447.00","19458542.00","--","--","4016905.00","--","--","4016905.00","2129092.00","--","1887813.00","85239.00","1973052.00","325230.00","1647822.00","--","--","1647822.00","82327.00","--","1730149.00","876501.00","--","771321.00","958817.00","--","771332.00","7.10"
"115/08/20","115","2","3518","柏騰","115321.00","141645.00","--","--","-26324.00","--","--","-26324.00","98448.00","--","-124772.00","419840.00","295068.00","11469.00","283599.00","-3999.00","--","279600.00","27583.00","--","307183.00","279600.00","--","--","307183.00","--","--","2.78"
"115/08/20","115","2","3528","安馳","6702604.00","5864613.00","--","--","837991.00","--","--","837991.00","266155.00","--","571836.00","-118333.00","453503.00","87991.00","365512.00","--","--","365512.00","71820.00","--","437332.00","--","--","--","--","--","--","5.48"
"115/08/20","115","2","3530","晶相光","1140324.00","886225.00","--","--","254099.00","--","--","254099.00","177031.00","--","77068.00","23458.00","100526.00","16857.00","83669.00","--","--","83669.00","2999.00","--","86668.00","83669.00","--","--","86668.00","--","--","1.08"
"115/08/20","115","2","3532","台勝科","6918905.00","6642344.00","--","--","276561.00","--","--","276561.00","286283.00","--","-9722.00","-12051.00","-21773.00","-1499.00","-20274.00","--","--","-20274.00","-5543.00","--","-25817.00","-20274.00","--","--","-25817.00","--","--","-0.05"
"115/08/20","115","2","3533","嘉澤","18896408.00","9924040.00","--","--","8972368.00","--","--","8972368.00","4161174.00","--","4811194.00","789916.00","5601110.00","1196213.00","4404897.00","--","--","4404897.00","1102122.00","--","5507019.00","4380989.00","--","23908.00","5477185.00","--","29834.00","39.04"
"115/08/20","115","2","3535","晶彩科","528731.00","289166.00","--","--","239565.00","--","--","239565.00","164920.00","--","74645.00","13302.00","87947.00","-515.00","88462.00","--","--","88462.00","1181.00","--","89643.00","88462.00","--","--","89643.00","--","--","1.12"
"115/08/20","115","2","3543","州巧","1663462.00","1487961.00","--","--","175501.00","--","--","175501.00","278604.00","--","-103103.00","57932.00","-45171.00","18594.00","-63765.00","--","--","-63765.00","76268.00","--","12503.00","-58619.00","--","-5146.00","10831.00","--","1672.00","-0.54"
"115/08/20","115","2","3545","敦泰","5228560.00","4045919.00","--","--","1182641.00","--","--","1182641.00","1492404.00","--","-309763.00","382954.00","73191.00","-63189.00","136380.00","--","--","136380.00","292907.00","--","429287.00","136380.00","--","0.00","429347.00","--","-60.00","0.64"
"115/08/20","115","2","3550","聯穎","2217952.00","1824345.00","--","--","393607.00","--","--","393607.00","319621.00","--","73986.00","13296.00","87282.00","16709.00","70573.00","--","--","70573.00","128936.00","--","199509.00","72321.00","--","-1748.00","201088.00","--","-1579.00","0.67"
"115/08/20","115","2","3557","嘉威","2395301.00","1544499.00","--","--","850802.00","--","--","850802.00","714339.00","--","136463.00","-60512.00","75951.00","18913.00","57038.00","--","--","57038.00","38695.00","--","95733.00","57038.00","--","--","95733.00","--","--","0.68"
"115/08/20","115","2","3563","牧德","1910611.00","754907.00","--","--","1155704.00","--","--","1155704.00","412800.00","--","742904.00","59653.00","802557.00","169991.00","632566.00","--","--","632566.00","13523.00","--","646089.00","626830.00","--","5736.00","638438.00","--","7651.00","9.80"
"115/08/20","115","2","3576","聯合再生","1278115.00","1567289.00","--","--","-289174.00","--","--","-289174.00","424494.00","--","-713668.00","2241554.00","1527886.00","11467.00","1516419.00","--","--","1516419.00","165576.00","--","1681995.00","1515947.00","--","472.00","1681522.00","--","473.00","0.93"
"115/08/20","115","2","3583","辛耘","6115365.00","3861812.00","--","--","2253553.00","--","2736.00","2256289.00","1348693.00","--","907596.00","50136.00","957732.00","198797.00","758935.00","--","--","758935.00","2745252.00","--","3504187.00","739005.00","--","19930.00","3486988.00","--","17199.00","9.16"
"115/08/20","115","2","3588","通嘉","831442.00","538870.00","--","--","292572.00","--","--","292572.00","229834.00","--","62738.00","14412.00","77150.00","16285.00","60865.00","--","--","60865.00","18088.00","--","78953.00","60865.00","--","--","78953.00","--","--","1.00"
"115/08/20","115","2","3591","艾笛森","1271933.00","1000101.00","--","--","271832.00","--","--","271832.00","225654.00","--","46178.00","2006.00","48184.00","15689.00","32495.00","--","--","32495.00","59144.00","--","91639.00","22758.00","--","9737.00","78455.00","--","13184.00","0.16"
"115/08/20","115","2","3592","瑞鼎","12258456.00","8950238.00","--","--","3308218.00","--","--","3308218.00","2667199.00","--","641019.00","88448.00","729467.00","95896.00","633571.00","--","--","633571.00","342755.00","--","976326.00","633571.00","--","--","976326.00","--","--","8.35"
"115/08/20","115","2","3593","力銘","329421.00","356172.00","--","--","-26751.00","--","--","-26751.00","57934.00","--","-84685.00","-4729.00","-89414.00","-1291.00","-88123.00","--","--","-88123.00","4620.00","--","-83503.00","-88123.00","--","--","-83503.00","--","--","-1.45"
"115/08/20","115","2","3596","智易","26666428.00","22621828.00","--","--","4044600.00","--","--","4044600.00","2293787.00","--","1750813.00","132475.00","1883288.00","451237.00","1432051.00","--","--","1432051.00","61948.00","--","1493999.00","1432548.00","--","-497.00","1494129.00","--","-130.00","6.50"
"115/08/20","115","2","3605","宏致","6171890.00","4619022.00","--","--","1552868.00","--","--","1552868.00","1159405.00","--","393463.00","8217.00","401680.00","93240.00","308440.00","--","--","308440.00","246324.00","--","554764.00","308425.00","--","15.00","554738.00","--","26.00","1.89"
"115/08/20","115","2","3607","谷崧","1431961.00","1234555.00","--","--","197406.00","--","--","197406.00","204587.00","--","-7181.00","15456.00","8275.00","79.00","8196.00","--","--","8196.00","63339.00","--","71535.00","8196.00","--","--","71535.00","--","--","0.07"
"115/08/20","115","2","3617","碩天","6270783.00","2591660.00","--","--","3679123.00","--","--","3679123.00","2279720.00","--","1399403.00","33220.00","1432623.00","356701.00","1075922.00","--","--","1075922.00","120601.00","--","1196523.00","1047144.00","--","28778.00","1166987.00","--","29536.00","11.12"
"115/08/20","115","2","3622","洋華","785134.00","489810.00","--","--","295324.00","--","--","295324.00","125417.00","--","169907.00","45163.00","215070.00","37418.00","177652.00","--","--","177652.00","415559.00","--","593211.00","166446.00","--","11206.00","582005.00","--","11206.00","1.10"
"115/08/20","115","2","3645","達邁","1244699.00","774591.00","--","--","470108.00","--","--","470108.00","205482.00","--","264626.00","15683.00","280309.00","79467.00","200842.00","--","--","200842.00","2878.00","--","203720.00","208372.00","--","-7530.00","211250.00","--","-7530.00","1.52"
"115/08/20","115","2","3652","精聯","1381656.00","903817.00","--","--","477839.00","--","--","477839.00","382129.00","--","95710.00","8805.00","104515.00","19877.00","84638.00","--","--","84638.00","1814.00","--","86452.00","84460.00","--","178.00","86334.00","--","118.00","1.12"
"115/08/20","115","2","3653","健策","12579732.00","6958191.00","--","--","5621541.00","--","--","5621541.00","1175790.00","--","4445751.00","170723.00","4616474.00","883229.00","3733245.00","--","--","3733245.00","220921.00","--","3954166.00","3716689.00","--","16556.00","3927905.00","--","26261.00","25.33"
"115/08/20","115","2","3669","圓展","1402225.00","547092.00","--","--","855133.00","--","--","855133.00","709276.00","--","145857.00","10166.00","156023.00","25782.00","130241.00","--","--","130241.00","155794.00","--","286035.00","130241.00","--","--","286035.00","--","--","1.40"
"115/08/20","115","2","3679","新至陞","2081417.00","1459389.00","--","--","622028.00","--","--","622028.00","252356.00","--","369672.00","20560.00","390232.00","127114.00","263118.00","--","--","263118.00","156110.00","--","419228.00","263118.00","--","--","419228.00","--","--","4.18"
"115/08/20","115","2","3686","達能","44879.00","44764.00","--","--","115.00","--","--","115.00","12194.00","--","-12079.00","2392.00","-9687.00","0.00","-9687.00","--","--","-9687.00","--","--","-9687.00","-9687.00","--","--","-9687.00","--","--","-0.13"
"115/08/20","115","2","3694","海華","5908275.00","5059667.00","--","--","848608.00","--","--","848608.00","603752.00","--","244856.00","52306.00","297162.00","18692.00","278470.00","--","--","278470.00","47722.00","--","326192.00","278470.00","--","--","326192.00","--","--","1.82"
"115/08/20","115","2","3701","大眾控","4055854.00","3569773.00","--","--","486081.00","--","--","486081.00","837196.00","--","-351115.00","-79880.00","-430995.00","-62951.00","-368044.00","--","--","-368044.00","263966.00","--","-104078.00","-303515.00","--","-64529.00","-73914.00","--","-30164.00","-1.28"
"115/08/20","115","2","3702","大聯大","772711078.00","738311086.00","--","--","34399992.00","--","--","34399992.00","13975474.00","--","20424518.00","-1922802.00","18501716.00","3975081.00","14526635.00","--","--","14526635.00","2963524.00","--","17490159.00","14168686.00","--","357949.00","17106806.00","--","383353.00","8.42"
"115/08/20","115","2","3703","欣陸","13786035.00","11804722.00","--","--","1981313.00","--","--","1981313.00","1235425.00","--","745888.00","-68404.00","677484.00","184884.00","492600.00","--","--","492600.00","-27954.00","--","464646.00","471743.00","--","20857.00","437958.00","--","26688.00","0.57"
"115/08/20","115","2","3704","合勤控","15061489.00","11472573.00","--","--","3588916.00","--","--","3588916.00","2766730.00","--","822186.00","1590.00","823776.00","177140.00","646636.00","--","--","646636.00","51979.00","--","698615.00","630525.00","--","16111.00","682675.00","--","15940.00","1.55"
"115/08/20","115","2","3705","永信","3770546.00","2095303.00","--","--","1675243.00","--","--","1675243.00","1096362.00","--","578881.00","47550.00","626431.00","154789.00","471642.00","--","--","471642.00","53.00","--","471695.00","434857.00","--","36785.00","433181.00","--","38514.00","1.63"
"115/08/20","115","2","3706","神達","72818194.00","66137282.00","--","--","6680912.00","--","--","6680912.00","3797756.00","--","2883156.00","1118153.00","4001309.00","427235.00","3574074.00","--","--","3574074.00","7091962.00","--","10666036.00","3422109.00","--","151965.00","10496948.00","--","169088.00","2.58"
"115/08/20","115","2","3708","上緯投控","587942.00","473836.00","--","--","114106.00","--","--","114106.00","160024.00","--","-45918.00","159155.00","113237.00","208188.00","-94951.00","0.00","--","-94951.00","8581483.00","--","8486532.00","-81797.00","--","-13154.00","8497824.00","--","-11292.00","-0.87"
"115/08/20","115","2","3711","日月光投控","364725674.00","289757480.00","--","--","74968194.00","--","--","74968194.00","36341650.00","--","38626544.00","5234698.00","43861242.00","7801809.00","36059433.00","--","--","36059433.00","27513820.00","--","63573253.00","35199641.00","--","859792.00","61781509.00","--","1791744.00","8.04"
"115/08/20","115","2","3712","永崴投控","9520436.00","7915210.00","--","--","1605226.00","1245.00","2162.00","1606143.00","769504.00","--","836639.00","98928.00","935567.00","1006450.00","-70883.00","--","--","-70883.00","83147.00","--","12264.00","519172.00","--","-590055.00","695825.00","--","-683561.00","2.11"
"115/08/20","115","2","3714","富采","11569048.00","10298513.00","--","--","1270535.00","--","--","1270535.00","1975693.00","20067.00","-685091.00","1819776.00","1134685.00","17519.00","1117166.00","--","--","1117166.00","1496647.00","--","2613813.00","1095834.00","--","21332.00","2548717.00","--","65096.00","1.49"
"115/08/20","115","2","3715","定穎投控","12500258.00","10629670.00","--","--","1870588.00","--","--","1870588.00","1672509.00","--","198079.00","-935887.00","-737808.00","-195560.00","-542248.00","--","--","-542248.00","49477.00","--","-492771.00","-439076.00","--","-103172.00","-396472.00","--","-96299.00","-1.55"
"115/08/20","115","2","3716","中化控股","4228916.00","2540693.00","--","--","1688223.00","--","--","1688223.00","1398322.00","--","289901.00","163738.00","453639.00","78895.00","374744.00","--","--","374744.00","21612.00","--","396356.00","375527.00","--","-783.00","397139.00","--","-783.00","3.02"
"115/08/20","115","2","3717","聯嘉投控","3532488.00","2843234.00","--","--","689254.00","--","--","689254.00","416517.00","--","272737.00","-16052.00","256685.00","16675.00","240010.00","--","--","240010.00","44823.00","--","284833.00","240018.00","--","-8.00","284841.00","--","-8.00","1.15"
"115/08/20","115","2","4104","佳醫","4729202.00","3712310.00","--","--","1016892.00","44875.00","41969.00","1013986.00","640086.00","--","373900.00","338007.00","711907.00","129841.00","582066.00","--","--","582066.00","-176347.00","--","405719.00","513677.00","--","68389.00","405033.00","--","686.00","2.77"
"115/08/20","115","2","4106","雃博","1257114.00","636118.00","--","--","620996.00","--","--","620996.00","487611.00","--","133385.00","4688.00","138073.00","27718.00","110355.00","--","--","110355.00","-7885.00","--","102470.00","110355.00","--","0.00","102470.00","--","0.00","1.09"
"115/08/20","115","2","4108","懷特","70428.00","44683.00","--","--","25745.00","--","--","25745.00","97850.00","--","-72105.00","24990.00","-47115.00","12.00","-47127.00","--","--","-47127.00","106340.00","--","59213.00","-21613.00","--","-25514.00","70098.00","--","-10885.00","-0.11"
"115/08/20","115","2","4119","旭富","648663.00","511469.00","--","--","137194.00","--","--","137194.00","94708.00","--","42486.00","-26495.00","15991.00","8728.00","7263.00","--","--","7263.00","-11907.00","--","-4644.00","7263.00","--","--","-4644.00","--","--","0.06"
"115/08/20","115","2","4133","亞諾法","176232.00","84728.00","--","--","91504.00","--","--","91504.00","74112.00","--","17392.00","9217.00","26609.00","3761.00","22848.00","--","--","22848.00","653.00","--","23501.00","22848.00","--","--","23501.00","--","--","0.38"
"115/08/20","115","2","4142","國光生","149074.00","286462.00","--","--","-137388.00","--","--","-137388.00","234545.00","--","-371933.00","-1483.00","-373416.00","0.00","-373416.00","--","--","-373416.00","25319.00","--","-348097.00","-345777.00","--","-27639.00","-319947.00","--","-28150.00","-0.82"
"115/08/20","115","2","4155","訊映","819907.00","567058.00","--","--","252849.00","--","--","252849.00","141083.00","--","111766.00","26985.00","138751.00","26124.00","112627.00","--","--","112627.00","-5064.00","--","107563.00","103514.00","--","9113.00","99913.00","--","7650.00","0.74"
"115/08/20","115","2","4164","承業醫","2338249.00","1768738.00","--","--","569511.00","--","--","569511.00","397136.00","--","172375.00","-37943.00","134432.00","34510.00","99922.00","--","--","99922.00","7062.00","--","106984.00","88784.00","--","11138.00","95738.00","--","11246.00","0.45"
"115/08/20","115","2","4169","泰宗","353979.00","191471.00","--","--","162508.00","--","--","162508.00","200849.00","--","-38341.00","3572.00","-34769.00","49.00","-34818.00","--","--","-34818.00","-37672.00","--","-72490.00","-34818.00","--","--","-72490.00","--","--","-0.55"
"115/08/20","115","2","4195","基米-創","320093.00","237250.00","--","--","82843.00","--","--","82843.00","166943.00","--","-84100.00","57560.00","-26540.00","613.00","-27153.00","--","--","-27153.00","384.00","--","-26769.00","-10393.00","--","-16760.00","-10009.00","--","-16760.00","-0.14"
"115/08/20","115","2","4306","炎洲","7225960.00","5951890.00","--","--","1274070.00","--","--","1274070.00","828885.00","--","445185.00","297088.00","742273.00","173522.00","568751.00","--","--","568751.00","1283446.00","--","1852197.00","504545.00","--","64206.00","1771970.00","--","80227.00","0.77"
"115/08/20","115","2","4414","如興","7145338.00","5995795.00","--","--","1149543.00","--","--","1149543.00","1201729.00","--","-52186.00","-197534.00","-249720.00","28654.00","-278374.00","--","--","-278374.00","20954.00","--","-257420.00","-283180.00","--","4806.00","-263301.00","--","5881.00","-1.07"
"115/08/20","115","2","4426","利勤","436961.00","462104.00","--","--","-25143.00","--","--","-25143.00","89708.00","--","-114851.00","439.00","-114412.00","20889.00","-135301.00","--","--","-135301.00","4634.00","--","-130667.00","-135301.00","--","0.00","-130667.00","--","0.00","-0.78"
"115/08/20","115","2","4438","廣越","7939775.00","6866793.00","--","--","1072982.00","--","--","1072982.00","886003.00","--","186979.00","266975.00","453954.00","86879.00","367075.00","--","--","367075.00","162945.00","--","530020.00","282249.00","--","84826.00","425225.00","--","104795.00","2.51"
"115/08/20","115","2","4439","冠星-KY","4147280.00","3374680.00","--","--","772600.00","--","--","772600.00","481981.00","--","290619.00","-23883.00","266736.00","57086.00","209650.00","--","--","209650.00","69496.00","--","279146.00","209650.00","--","--","279146.00","--","--","5.53"
"115/08/20","115","2","4440","宜新實業","533301.00","431992.00","--","--","101309.00","--","--","101309.00","19498.00","--","81811.00","11678.00","93489.00","14340.00","79149.00","--","--","79149.00","890.00","--","80039.00","--","--","--","--","--","--","1.17"
"115/08/20","115","2","4441","振大環球","3790065.00","2798562.00","--","--","991503.00","--","--","991503.00","323573.00","--","667930.00","113576.00","781506.00","161585.00","619921.00","--","--","619921.00","34501.00","--","654422.00","619293.00","--","628.00","653697.00","--","725.00","9.08"
"115/08/20","115","2","4526","東台","2626364.00","2219851.00","--","--","406513.00","0.00","248.00","406761.00","663082.00","--","-256321.00","21420.00","-234901.00","27715.00","-262616.00","--","--","-262616.00","730907.00","--","468291.00","-256862.00","--","-5754.00","474509.00","--","-6218.00","-1.02"
"115/08/20","115","2","4532","瑞智","12356155.00","10620483.00","--","--","1735672.00","--","--","1735672.00","1029656.00","--","706016.00","57036.00","763052.00","243552.00","519500.00","--","--","519500.00","541881.00","--","1061381.00","489758.00","--","29742.00","986145.00","--","75236.00","1.01"
"115/08/20","115","2","4536","拓凱","4871075.00","3277212.00","--","--","1593863.00","--","--","1593863.00","803406.00","--","790457.00","51272.00","841729.00","200584.00","641145.00","--","--","641145.00","161960.00","--","803105.00","595274.00","--","45871.00","739799.00","--","63306.00","6.55"
"115/08/20","115","2","4540","全球傳動","1618341.00","1335853.00","--","--","282488.00","--","--","282488.00","275149.00","--","7339.00","69144.00","76483.00","47697.00","28786.00","--","--","28786.00","13791.00","--","42577.00","28786.00","--","--","42577.00","--","--","0.25"
"115/08/20","115","2","4545","銘鈺","1130077.00","944054.00","--","--","186023.00","--","--","186023.00","163179.00","--","22844.00","15026.00","37870.00","1652.00","36218.00","--","--","36218.00","15313.00","--","51531.00","36218.00","--","--","51531.00","--","--","0.47"
"115/08/20","115","2","4551","智伸科","4554705.00","3460023.00","--","--","1094682.00","--","--","1094682.00","438742.00","--","655940.00","38636.00","694576.00","144704.00","549872.00","--","--","549872.00","229949.00","--","779821.00","549872.00","--","--","779821.00","--","--","4.77"
"115/08/20","115","2","4555","氣立","897957.00","613518.00","--","--","284439.00","--","--","284439.00","239926.00","--","44513.00","16647.00","61160.00","5838.00","55322.00","--","--","55322.00","72229.00","--","127551.00","48033.00","--","7289.00","115521.00","--","12030.00","0.69"
"115/08/20","115","2","4562","穎漢","326079.00","184749.00","--","--","141330.00","--","--","141330.00","164605.00","--","-23275.00","21691.00","-1584.00","1944.00","-3528.00","--","--","-3528.00","7271.00","--","3743.00","-3089.00","--","-439.00","4523.00","--","-780.00","-0.04"
"115/08/20","115","2","4564","元翎","386878.00","487605.00","--","--","-100727.00","--","--","-100727.00","76182.00","--","-176909.00","7447.00","-169462.00","-4383.00","-165079.00","--","--","-165079.00","429.00","--","-164650.00","-165079.00","--","--","-164650.00","--","--","-0.71"
"115/08/20","115","2","4566","時碩工業","2822215.00","2167260.00","--","--","654955.00","--","--","654955.00","534648.00","--","120307.00","21287.00","141594.00","32274.00","109320.00","--","--","109320.00","69272.00","--","178592.00","109160.00","--","160.00","178760.00","--","-168.00","0.99"
"115/08/20","115","2","4572","駐龍","374995.00","247135.00","--","--","127860.00","--","--","127860.00","47505.00","--","80355.00","13126.00","93481.00","19046.00","74435.00","--","--","74435.00","--","--","74435.00","74435.00","--","--","74435.00","--","--","1.86"
"115/08/20","115","2","4576","大銀微系統","1878532.00","1165234.00","--","--","713298.00","--","--","713298.00","387394.00","--","325904.00","-15939.00","309965.00","55358.00","254607.00","--","--","254607.00","83711.00","--","338318.00","230178.00","--","24429.00","284543.00","--","53775.00","1.92"
"115/08/20","115","2","4582","聚恆-創","966567.00","757202.00","--","--","209365.00","3963.00","6127.00","211529.00","127006.00","--","84523.00","27767.00","112290.00","32434.00","79856.00","--","--","79856.00","-193.00","--","79663.00","79973.00","--","-117.00","79780.00","--","-117.00","1.16"
"115/08/20","115","2","4583","台灣精銳","1760772.00","838107.00","--","--","922665.00","--","--","922665.00","316558.00","--","606107.00","83620.00","689727.00","143641.00","546086.00","--","--","546086.00","--","--","546086.00","546086.00","--","--","546086.00","--","--","6.81"
"115/08/20","115","2","4585","達明","995617.00","486720.00","--","--","508897.00","--","--","508897.00","442051.00","--","66846.00","147837.00","214683.00","23452.00","191231.00","--","--","191231.00","23491.00","--","214722.00","191231.00","--","--","214722.00","--","--","1.83"
"115/08/20","115","2","4588","玖鼎電力","433215.00","288692.00","--","--","144523.00","--","--","144523.00","63459.00","--","81064.00","-7638.00","73426.00","14823.00","58603.00","--","--","58603.00","--","--","58603.00","--","--","--","--","--","--","1.36"
"115/08/20","115","2","4590","富田-創","569391.00","388041.00","--","--","181350.00","--","--","181350.00","207580.00","--","-26230.00","151955.00","125725.00","13048.00","112677.00","--","--","112677.00","-223.00","--","112454.00","--","--","--","--","--","--","2.07"
"115/08/20","115","2","4720","德淵","1975800.00","1578001.00","--","--","397799.00","-211.00","--","398010.00","372832.00","--","25178.00","8538.00","33716.00","16303.00","17413.00","--","--","17413.00","34310.00","--","51723.00","15370.00","--","2043.00","47554.00","--","4169.00","0.13"
"115/08/20","115","2","4722","國精化","1927958.00","1576828.00","--","--","351130.00","--","--","351130.00","197762.00","--","153368.00","25728.00","179096.00","47398.00","131698.00","--","--","131698.00","19295.00","--","150993.00","131698.00","--","--","150993.00","--","--","1.29"
"115/08/20","115","2","4736","泰博","2122043.00","1156344.00","--","--","965699.00","--","--","965699.00","550968.00","--","414731.00","1300952.00","1715683.00","112109.00","1603574.00","--","--","1603574.00","292806.00","--","1896380.00","1574590.00","--","28984.00","1867451.00","--","28929.00","16.60"
"115/08/20","115","2","4737","華廣","831895.00","550631.00","--","--","281264.00","--","--","281264.00","422237.00","--","-140973.00","-24506.00","-165479.00","-33410.00","-132069.00","--","--","-132069.00","-26483.00","--","-158552.00","-133362.00","--","1293.00","-159896.00","--","1344.00","-1.77"
"115/08/20","115","2","4739","康普","5510938.00","4589754.00","--","--","921184.00","--","--","921184.00","229219.00","--","691965.00","-31838.00","660127.00","145453.00","514674.00","--","--","514674.00","-1090.00","--","513584.00","434254.00","--","80420.00","451399.00","--","62185.00","3.51"
"115/08/20","115","2","4746","台耀","2175062.00","1283923.00","--","--","891139.00","--","--","891139.00","654228.00","--","236911.00","-212175.00","24736.00","62365.00","-37629.00","--","--","-37629.00","24149.00","--","-13480.00","4276.00","--","-41905.00","29953.00","--","-43433.00","0.04"
"115/08/20","115","2","4755","三福化","2371319.00","1823187.00","--","--","548132.00","--","--","548132.00","292603.00","--","255529.00","32464.00","287993.00","77859.00","210134.00","--","--","210134.00","1513715.00","--","1723849.00","234551.00","--","-24417.00","1748266.00","--","-24417.00","2.33"
"115/08/20","115","2","4764","雙鍵","1755748.00","1285320.00","--","--","470428.00","--","--","470428.00","211676.00","0.00","258752.00","-8929.00","249823.00","56019.00","193804.00","--","--","193804.00","105238.00","--","299042.00","193051.00","--","753.00","298376.00","--","666.00","2.26"
"115/08/20","115","2","4766","南寶","12419471.00","8230843.00","--","--","4188628.00","--","--","4188628.00","2116185.00","--","2072443.00","313576.00","2386019.00","601957.00","1784062.00","--","--","1784062.00","918198.00","--","2702260.00","1666682.00","--","117380.00","2565779.00","--","136481.00","13.82"
"115/08/20","115","2","4770","上品","2363145.00","1528495.00","--","--","834650.00","--","--","834650.00","324576.00","--","510074.00","43568.00","553642.00","103131.00","450511.00","--","--","450511.00","183784.00","--","634295.00","450511.00","--","--","634295.00","--","--","5.63"
"115/08/20","115","2","4771","望隼","2226792.00","1284405.00","--","--","942387.00","--","--","942387.00","274046.00","--","668341.00","18453.00","686794.00","135721.00","551073.00","--","--","551073.00","72862.00","--","623935.00","492776.00","--","58297.00","548526.00","--","75409.00","8.40"
"115/08/20","115","2","4904","遠傳","56468411.00","38199488.00","--","--","18268923.00","--","--","18268923.00","8990889.00","645777.00","9923811.00","-49791.00","9874020.00","1974804.00","7899216.00","--","--","7899216.00","-34455.00","--","7864761.00","7717642.00","--","181574.00","7698761.00","--","166000.00","2.14"
"115/08/20","115","2","4906","正文","6725001.00","5963642.00","--","--","761359.00","--","--","761359.00","1082132.00","--","-320773.00","122885.00","-197888.00","-35379.00","-162509.00","--","--","-162509.00","-449870.00","--","-612379.00","-181532.00","--","19023.00","-631484.00","--","19105.00","-0.42"
"115/08/20","115","2","4915","致伸","33130159.00","28043564.00","--","--","5086595.00","--","--","5086595.00","3752305.00","--","1334290.00","150161.00","1484451.00","304219.00","1180232.00","--","--","1180232.00","700377.00","--","1880609.00","1180232.00","--","--","1880609.00","--","--","2.55"
"115/08/20","115","2","4916","事欣科","2434357.00","1934919.00","--","--","499438.00","--","--","499438.00","276972.00","--","222466.00","566920.00","789386.00","123114.00","666272.00","--","--","666272.00","-70052.00","--","596220.00","674292.00","--","-8020.00","604240.00","--","-8020.00","5.45"
"115/08/20","115","2","4919","新唐","15929419.00","9767544.00","--","--","6161875.00","--","--","6161875.00","6606744.00","--","-444869.00","495493.00","50624.00","292441.00","-241817.00","--","--","-241817.00","23223.00","--","-218594.00","-241817.00","--","--","-218594.00","--","--","-0.57"
"115/08/20","115","2","4930","燦星網","2731514.00","2508526.00","--","--","222988.00","--","--","222988.00","435231.00","--","-212243.00","-7590.00","-219833.00","-45550.00","-174283.00","--","--","-174283.00","233390.00","--","59107.00","-96170.00","--","-78113.00","10566.00","--","48541.00","-1.20"
"115/08/20","115","2","4934","太極","91257.00","138822.00","--","--","-47565.00","--","--","-47565.00","156104.00","--","-203669.00","34782.00","-168887.00","1167.00","-170054.00","--","--","-170054.00","29498.00","--","-140556.00","-83200.00","--","-86854.00","-53702.00","--","-86854.00","-0.37"
"115/08/20","115","2","4938","和碩","518553263.00","495595744.00","--","--","22957519.00","--","--","22957519.00","15930516.00","--","7027003.00","4182144.00","11209147.00","2036184.00","9172963.00","--","--","9172963.00","3792000.00","--","12964963.00","6049084.00","--","3123879.00","9692539.00","--","3272424.00","2.26"
"115/08/20","115","2","4942","嘉彰","2705762.00","2193954.00","--","--","511808.00","--","--","511808.00","387844.00","--","123964.00","11534.00","135498.00","25778.00","109720.00","--","--","109720.00","319606.00","--","429326.00","109966.00","--","-246.00","429572.00","--","-246.00","0.77"
"115/08/20","115","2","4949","有成精密","1744012.00","1080930.00","--","--","663082.00","0.00","--","663082.00","436814.00","--","226268.00","9485.00","235753.00","55177.00","180576.00","--","--","180576.00","13427.00","--","194003.00","180576.00","--","--","194003.00","--","--","2.67"
"115/08/20","115","2","4952","凌通","1419349.00","872977.00","--","--","546372.00","--","--","546372.00","363256.00","-5.00","183111.00","15649.00","198760.00","15434.00","183326.00","--","--","183326.00","25157.00","--","208483.00","183326.00","--","--","208483.00","--","--","1.68"
"115/08/20","115","2","4956","光鋐","723542.00","597681.00","--","--","125861.00","--","--","125861.00","105936.00","-208.00","19717.00","14248.00","33965.00","5895.00","28070.00","--","--","28070.00","42072.00","--","70142.00","28070.00","--","--","70142.00","--","--","0.28"
"115/08/20","115","2","4958","臻鼎-KY","89158843.00","69161054.00","--","--","19997789.00","--","--","19997789.00","13733254.00","--","6264535.00","1067004.00","7331539.00","1557249.00","5774290.00","--","--","5774290.00","9953587.00","--","15727877.00","3817180.00","--","1957110.00","10853548.00","--","4874329.00","3.55"
"115/08/20","115","2","4960","誠美材","3871059.00","3889350.00","--","--","-18291.00","--","--","-18291.00","471338.00","--","-489629.00","152161.00","-337468.00","648.00","-338116.00","--","--","-338116.00","65441.00","--","-272675.00","-338116.00","--","--","-272675.00","--","--","-0.60"
"115/08/20","115","2","4961","天鈺","9887088.00","7188502.00","--","--","2698586.00","--","--","2698586.00","1910449.00","--","788137.00","244797.00","1032934.00","140065.00","892869.00","--","--","892869.00","569540.00","--","1462409.00","608320.00","--","284549.00","954768.00","--","507641.00","5.07"
"115/08/20","115","2","4967","十銓","16633210.00","9949597.00","--","--","6683613.00","--","--","6683613.00","705226.00","--","5978387.00","-35399.00","5942988.00","1236639.00","4706349.00","--","--","4706349.00","1573.00","--","4707922.00","4706349.00","--","--","4707922.00","--","--","53.44"
"115/08/20","115","2","4968","立積","1907539.00","1265137.00","--","--","642402.00","--","--","642402.00","580055.00","--","62347.00","42769.00","105116.00","12727.00","92389.00","--","--","92389.00","2809.00","--","95198.00","92389.00","--","--","95198.00","--","--","1.00"
"115/08/20","115","2","4976","佳凌","528620.00","698881.00","--","--","-170261.00","--","--","-170261.00","97037.00","--","-267298.00","20026.00","-247272.00","-21655.00","-225617.00","--","--","-225617.00","0.00","--","-225617.00","--","--","--","--","--","--","-1.63"
"115/08/20","115","2","4989","榮科","2049930.00","2043057.00","--","--","6873.00","--","--","6873.00","111594.00","--","-104721.00","10564.00","-94157.00","-1834.00","-92323.00","--","--","-92323.00","-4323.00","--","-96646.00","-92323.00","--","--","-96646.00","--","--","-0.67"
"115/08/20","115","2","4994","傳奇","602464.00","195434.00","--","--","407030.00","--","--","407030.00","345127.00","--","61903.00","-9001.00","52902.00","7362.00","45540.00","--","--","45540.00","98.00","--","45638.00","45540.00","--","--","45638.00","--","--","0.69"
"115/08/20","115","2","4999","鑫禾","820128.00","741179.00","--","--","78949.00","--","--","78949.00","177711.00","--","-98762.00","7919.00","-90843.00","-235.00","-90608.00","--","--","-90608.00","32358.00","--","-58250.00","-90608.00","--","--","-58250.00","--","--","-1.23"
"115/08/20","115","2","5007","三星","3133113.00","2249686.00","--","--","883427.00","--","--","883427.00","264152.00","--","619275.00","50990.00","670265.00","131038.00","539227.00","--","--","539227.00","4541.00","--","543768.00","535467.00","--","3760.00","537846.00","--","5922.00","1.82"
"115/08/20","115","2","5203","訊連","1113464.00","167577.00","--","--","945887.00","--","--","945887.00","849334.00","--","96553.00","78550.00","175103.00","43429.00","131674.00","--","--","131674.00","23014.00","--","154688.00","131674.00","--","--","154688.00","--","--","1.66"
"115/08/20","115","2","5222","全訊","406260.00","203179.00","--","--","203081.00","--","--","203081.00","135241.00","--","67840.00","5448.00","73288.00","16620.00","56668.00","--","--","56668.00","565320.00","--","621988.00","--","--","--","--","--","--","0.63"
"115/08/20","115","2","5225","東科-KY","4999304.00","4342266.00","--","--","657038.00","--","--","657038.00","526383.00","--","130655.00","47844.00","178499.00","27378.00","151121.00","--","--","151121.00","68292.00","--","219413.00","151121.00","--","--","219413.00","--","--","1.92"
"115/08/20","115","2","5234","達興材料","2483006.00","1415299.00","--","--","1067707.00","--","--","1067707.00","568836.00","--","498871.00","31495.00","530366.00","74519.00","455847.00","--","--","455847.00","-433.00","--","455414.00","455847.00","--","--","455414.00","--","--","4.44"
"115/08/20","115","2","5236","凌陽創新","1167421.00","459927.00","--","--","707494.00","--","--","707494.00","319948.00","--","387546.00","24593.00","412139.00","60609.00","351530.00","--","--","351530.00","--","--","351530.00","--","--","--","--","--","--","5.86"
"115/08/20","115","2","5244","弘凱","376452.00","283669.00","--","--","92783.00","--","--","92783.00","155678.00","--","-62895.00","12894.00","-50001.00","-482.00","-49519.00","--","--","-49519.00","55181.00","--","5662.00","-49519.00","--","--","5662.00","--","--","-0.73"
"115/08/20","115","2","5258","虹堡","3959526.00","2775642.00","--","--","1183884.00","--","--","1183884.00","1047522.00","--","136362.00","15910.00","152272.00","72249.00","80023.00","--","--","80023.00","8220.00","--","88243.00","53054.00","--","26969.00","60062.00","--","28181.00","0.48"
"115/08/20","115","2","5269","祥碩","6220554.00","3072553.00","--","--","3148001.00","11293.00","9220.00","3145928.00","1689653.00","--","1456275.00","2665188.00","4121463.00","250189.00","3871274.00","--","--","3871274.00","871932.00","--","4743206.00","3871274.00","--","--","4743206.00","--","--","52.07"
"115/08/20","115","2","5283","禾聯碩","3333175.00","2223891.00","--","--","1109284.00","--","--","1109284.00","867156.00","--","242128.00","76021.00","318149.00","64425.00","253724.00","--","--","253724.00","-3799.00","--","249925.00","253724.00","--","--","249925.00","--","--","2.90"
"115/08/20","115","2","5285","界霖","2981953.00","2441875.00","--","--","540078.00","--","--","540078.00","248786.00","--","291292.00","-8307.00","282985.00","77671.00","205314.00","--","--","205314.00","69448.00","--","274762.00","205314.00","--","--","274762.00","--","--","2.01"
"115/08/20","115","2","5288","豐祥-KY","4471477.00","3417667.00","--","--","1053810.00","--","-7.00","1053803.00","409115.00","--","644688.00","95386.00","740074.00","186236.00","553838.00","--","--","553838.00","56522.00","--","610360.00","557317.00","--","-3479.00","613729.00","--","-3369.00","8.03"
"115/08/20","115","2","5292","華懋","1275985.00","948399.00","--","--","327586.00","--","--","327586.00","90475.00","--","237111.00","34299.00","271410.00","58481.00","212929.00","--","--","212929.00","7353.00","--","220282.00","212929.00","--","--","220282.00","--","--","4.60"
"115/08/20","115","2","5306","桂盟","2777067.00","1604942.00","--","--","1172125.00","--","--","1172125.00","539663.00","-1113.00","631349.00","33983.00","665332.00","168302.00","497030.00","--","--","497030.00","357838.00","--","854868.00","497063.00","--","-33.00","854899.00","--","-31.00","3.94"
"115/08/20","115","2","5388","中磊","37262555.00","32451954.00","--","--","4810601.00","--","--","4810601.00","3642826.00","--","1167775.00","-177389.00","990386.00","214330.00","776056.00","--","--","776056.00","196397.00","--","972453.00","774796.00","--","1260.00","970864.00","--","1589.00","2.59"
"115/08/20","115","2","5434","崇越","39362103.00","34033796.00","--","--","5328307.00","-260.00","--","5328567.00","2414452.00","--","2914115.00","848221.00","3762336.00","885509.00","2876827.00","--","--","2876827.00","1418158.00","--","4294985.00","2858045.00","--","18782.00","4275895.00","--","19090.00","14.79"
"115/08/20","115","2","5469","瀚宇博","32539077.00","27460417.00","--","--","5078660.00","--","--","5078660.00","2685515.00","--","2393145.00","269830.00","2662975.00","1026596.00","1636379.00","--","--","1636379.00","32303110.00","--","33939489.00","993845.00","--","642534.00","26854586.00","--","7084903.00","2.05"
"115/08/20","115","2","5471","松翰","1708141.00","996807.00","--","--","711334.00","--","--","711334.00","537047.00","--","174287.00","61365.00","235652.00","33883.00","201769.00","--","--","201769.00","26595.00","--","228364.00","201769.00","--","--","228364.00","--","--","1.20"
"115/08/20","115","2","5484","慧友","447204.00","377298.00","--","--","69906.00","--","--","69906.00","102341.00","--","-32435.00","90311.00","57876.00","57.00","57819.00","--","--","57819.00","794.00","--","58613.00","57819.00","--","--","58613.00","--","--","0.87"
"115/08/20","115","2","5515","建國","4019401.00","3241066.00","--","--","778335.00","--","--","778335.00","273360.00","--","504975.00","902088.00","1407063.00","181972.00","1225091.00","--","--","1225091.00","32933.00","--","1258024.00","1225091.00","--","--","1258024.00","--","--","6.08"
"115/08/20","115","2","5519","隆大","1129296.00","788402.00","--","--","340894.00","--","--","340894.00","122611.00","--","218283.00","12837.00","231120.00","55050.00","176070.00","--","--","176070.00","386.00","--","176456.00","176070.00","--","--","176456.00","--","--","0.76"
"115/08/20","115","2","5521","工信","5420687.00","4961883.00","--","--","458804.00","--","--","458804.00","191377.00","--","267427.00","21214.00","288641.00","5580.00","283061.00","--","--","283061.00","6280.00","--","289341.00","283061.00","--","--","289341.00","--","--","0.58"
"115/08/20","115","2","5522","遠雄","8531058.00","5505328.00","--","--","3025730.00","--","3635.00","3029365.00","1006372.00","--","2022993.00","-14647.00","2008346.00","451032.00","1557314.00","--","--","1557314.00","-89123.00","--","1468191.00","1557314.00","--","--","1468191.00","--","--","1.99"
"115/08/20","115","2","5525","順天","3884131.00","2570970.00","--","--","1313161.00","--","--","1313161.00","298977.00","--","1014184.00","-23543.00","990641.00","273646.00","716995.00","--","--","716995.00","--","--","716995.00","717114.00","--","-119.00","717114.00","--","-119.00","2.33"
"115/08/20","115","2","5531","鄉林","323105.00","270425.00","--","--","52680.00","--","--","52680.00","480864.00","--","-428184.00","195697.00","-232487.00","-13806.00","-218681.00","--","--","-218681.00","103594.00","--","-115087.00","-118594.00","--","-100087.00","-2343.00","--","-112744.00","-0.12"
"115/08/20","115","2","5533","皇鼎","710094.00","510308.00","--","--","199786.00","--","--","199786.00","88521.00","--","111265.00","24363.00","135628.00","23774.00","111854.00","--","--","111854.00","--","--","111854.00","111854.00","--","--","111854.00","--","--","0.39"
"115/08/20","115","2","5534","長虹","2321400.00","1660696.00","--","--","660704.00","0.00","--","660704.00","255603.00","--","405101.00","3308.00","408409.00","84736.00","323673.00","--","--","323673.00","0.00","--","323673.00","319920.00","--","3753.00","319920.00","--","3753.00","1.05"
"115/08/20","115","2","5607","遠雄港","2583659.00","1214956.00","--","--","1368703.00","--","--","1368703.00","184191.00","--","1184512.00","-173298.00","1011214.00","203337.00","807877.00","--","--","807877.00","--","--","807877.00","807877.00","--","--","807877.00","--","--","2.18"
"115/08/20","115","2","5608","四維航","1621931.00","1323147.00","--","--","298784.00","--","--","298784.00","157681.00","--","141103.00","-72215.00","68888.00","-18300.00","87188.00","--","--","87188.00","178072.00","--","265260.00","122973.00","--","-35785.00","301045.00","--","-35785.00","0.32"
"115/08/20","115","2","5706","鳳凰","1530809.00","1325232.00","--","--","205577.00","--","--","205577.00","126683.00","372.00","79266.00","109950.00","189216.00","36433.00","152783.00","0.00","--","152783.00","88254.00","--","241037.00","150568.00","--","2215.00","237793.00","--","3244.00","1.79"
"115/08/20","115","2","6108","競國","2413390.00","2328989.00","--","--","84401.00","--","--","84401.00","278477.00","--","-194076.00","269265.00","75189.00","25338.00","49851.00","--","--","49851.00","74105.00","--","123956.00","49851.00","--","--","123956.00","--","--","0.32"
"115/08/20","115","2","6112","邁達特","12570260.00","10764804.00","--","--","1805456.00","--","--","1805456.00","1348995.00","--","456461.00","26870.00","483331.00","114130.00","369201.00","--","--","369201.00","-6204.00","--","362997.00","348525.00","--","20676.00","335392.00","--","27605.00","1.85"
"115/08/20","115","2","6115","鎰勝","4021415.00","3422204.00","--","--","599211.00","--","--","599211.00","235116.00","--","364095.00","13405.00","377500.00","103784.00","273716.00","--","--","273716.00","130987.00","--","404703.00","276925.00","--","-3209.00","407912.00","--","-3209.00","1.48"
"115/08/20","115","2","6116","彩晶","6085329.00","6282570.00","--","--","-197241.00","--","--","-197241.00","730233.00","--","-927474.00","883035.00","-44439.00","1370.00","-45809.00","--","--","-45809.00","3302101.00","--","3256292.00","-45809.00","--","--","3256292.00","--","--","-0.02"
"115/08/20","115","2","6117","迎廣","1647214.00","1085594.00","--","--","561620.00","--","--","561620.00","325606.00","--","236014.00","4200.00","240214.00","72306.00","167908.00","--","--","167908.00","14036.00","--","181944.00","167969.00","--","-61.00","182005.00","--","-61.00","1.81"
"115/08/20","115","2","6120","達運","8756244.00","8423120.00","--","--","333124.00","--","--","333124.00","646131.00","--","-313007.00","1230815.00","917808.00","64583.00","853225.00","--","--","853225.00","402785.00","--","1256010.00","853225.00","--","--","1256010.00","--","--","1.42"
"115/08/20","115","2","6128","上福","2618075.00","1540547.00","--","--","1077528.00","--","--","1077528.00","936938.00","--","140590.00","-33124.00","107466.00","23370.00","84096.00","--","--","84096.00","27786.00","--","111882.00","84096.00","--","0.00","111882.00","--","0.00","0.66"
"115/08/20","115","2","6133","金橋","693708.00","517160.00","--","--","176548.00","--","--","176548.00","96708.00","--","79840.00","-3936.00","75904.00","17604.00","58300.00","--","--","58300.00","-11848.00","--","46452.00","58300.00","--","--","46452.00","--","--","0.50"
"115/08/20","115","2","6136","富爾特","334055.00","235181.00","--","--","98874.00","--","--","98874.00","117218.00","--","-18344.00","12357.00","-5987.00","4218.00","-10205.00","--","--","-10205.00","1465145.00","--","1454940.00","-4948.00","--","-5257.00","1459937.00","--","-4997.00","-0.04"
"115/08/20","115","2","6139","亞翔","45982606.00","36710734.00","--","--","9271872.00","--","--","9271872.00","909471.00","--","8362401.00","1548484.00","9910885.00","1968205.00","7942680.00","--","--","7942680.00","670425.00","--","8613105.00","6104555.00","--","1838125.00","6638359.00","--","1974746.00","25.91"
"115/08/20","115","2","6141","柏承","1090986.00","976886.00","--","--","114100.00","--","--","114100.00","209969.00","--","-95869.00","-71766.00","-167635.00","30421.00","-198056.00","--","--","-198056.00","-18878.00","--","-216934.00","-139318.00","--","-58738.00","-155712.00","--","-61222.00","-1.23"
"115/08/20","115","2","6142","友勁","921198.00","821936.00","--","--","99262.00","--","--","99262.00","166626.00","--","-67364.00","-26593.00","-93957.00","0.00","-93957.00","--","--","-93957.00","21165.00","--","-72792.00","-93957.00","--","0.00","-72792.00","--","0.00","-0.28"
"115/08/20","115","2","6152","百一","956530.00","698962.00","--","--","257568.00","--","--","257568.00","273040.00","--","-15472.00","61031.00","45559.00","0.00","45559.00","--","--","45559.00","33927.00","--","79486.00","45107.00","--","452.00","79034.00","--","452.00","0.27"
"115/08/20","115","2","6153","嘉聯益","2730910.00","2863942.00","--","--","-133032.00","--","--","-133032.00","526667.00","--","-659699.00","111342.00","-548357.00","1794.00","-550151.00","--","--","-550151.00","-28818.00","--","-578969.00","-550151.00","--","--","-578969.00","--","--","-0.86"
"115/08/20","115","2","6155","鈞寶","373725.00","272985.00","--","--","100740.00","--","--","100740.00","67542.00","--","33198.00","47661.00","80859.00","8984.00","71875.00","--","--","71875.00","16566.00","--","88441.00","71875.00","--","0.00","88441.00","--","0.00","0.82"
"115/08/20","115","2","6164","華興","398491.00","271637.00","--","--","126854.00","--","--","126854.00","123424.00","--","3430.00","15022.00","18452.00","5489.00","12963.00","--","--","12963.00","23420.00","--","36383.00","12758.00","--","205.00","35759.00","--","624.00","0.16"
"115/08/20","115","2","6165","浪凡","1722724.00","1204716.00","--","--","518008.00","--","--","518008.00","316174.00","--","201834.00","-16182.00","185652.00","43328.00","142324.00","--","--","142324.00","4536.00","--","146860.00","140934.00","--","1390.00","145470.00","--","1390.00","1.91"
"115/08/20","115","2","6166","凌華","7903289.00","5172648.00","--","--","2730641.00","--","0.00","2730641.00","1831047.00","--","899594.00","18444.00","918038.00","251031.00","667007.00","--","--","667007.00","107347.00","--","774354.00","679887.00","--","-12880.00","786989.00","--","-12635.00","3.12"
"115/08/20","115","2","6168","宏齊","1084715.00","823040.00","--","--","261675.00","-366.00","--","262041.00","266224.00","--","-4183.00","44349.00","40166.00","-687.00","40853.00","--","--","40853.00","566957.00","--","607810.00","35075.00","--","5778.00","564361.00","--","43449.00","0.17"
"115/08/20","115","2","6176","瑞儀","23124544.00","18057856.00","--","--","5066688.00","--","--","5066688.00","2857818.00","130950.00","2339820.00","-111390.00","2228430.00","936526.00","1291904.00","--","--","1291904.00","732413.00","--","2024317.00","1291904.00","--","--","2024317.00","--","--","2.81"
"115/08/20","115","2","6177","達麗","8310140.00","4745922.00","--","--","3564218.00","--","--","3564218.00","600431.00","--","2963787.00","-5802.00","2957985.00","571155.00","2386830.00","--","--","2386830.00","29735.00","--","2416565.00","2375830.00","--","11000.00","2405565.00","--","11000.00","5.03"
"115/08/20","115","2","6183","關貿","1359348.00","734830.00","--","--","624518.00","--","--","624518.00","222727.00","-371.00","401420.00","27329.00","428749.00","66807.00","361942.00","--","--","361942.00","30027.00","--","391969.00","361942.00","--","--","391969.00","--","--","2.41"
"115/08/20","115","2","6184","大豐電","1096635.00","505827.00","--","--","590808.00","--","--","590808.00","259677.00","--","331131.00","30769.00","361900.00","70411.00","291489.00","--","--","291489.00","18676.00","--","310165.00","229580.00","--","61909.00","240817.00","--","69348.00","1.51"
"115/08/20","115","2","6189","豐藝","14965914.00","13583784.00","--","--","1382130.00","--","--","1382130.00","665686.00","--","716444.00","30049.00","746493.00","144267.00","602226.00","--","--","602226.00","7225.00","--","609451.00","531006.00","--","71220.00","537320.00","--","72131.00","2.01"
"115/08/20","115","2","6191","精成科","19292828.00","16230958.00","--","--","3061870.00","--","--","3061870.00","1596488.00","--","1465382.00","465929.00","1931311.00","781828.00","1149483.00","--","--","1149483.00","10682032.00","--","11831515.00","1157141.00","--","-7658.00","11838307.00","--","-6792.00","2.32"
"115/08/20","115","2","6192","巨路","3849908.00","2557491.00","--","--","1292417.00","--","--","1292417.00","634534.00","--","657883.00","46423.00","704306.00","194904.00","509402.00","--","--","509402.00","63585.00","--","572987.00","509989.00","--","-587.00","573565.00","--","-578.00","5.30"
"115/08/20","115","2","6196","帆宣","35508124.00","30715150.00","--","--","4792974.00","--","--","4792974.00","1721644.00","--","3071330.00","526893.00","3598223.00","697375.00","2900848.00","--","--","2900848.00","78072.00","--","2978920.00","2913486.00","--","-12638.00","2990925.00","--","-12005.00","13.26"
"115/08/20","115","2","6197","佳必琪","4534628.00","2907208.00","--","--","1627420.00","--","--","1627420.00","594869.00","--","1032551.00","82266.00","1114817.00","225898.00","888919.00","--","--","888919.00","450481.00","--","1339400.00","855813.00","--","33106.00","1310705.00","--","28695.00","7.00"
"115/08/20","115","2","6201","亞弘電","1507800.00","1153855.00","--","--","353945.00","--","--","353945.00","190357.00","--","163588.00","964.00","164552.00","29062.00","135490.00","--","--","135490.00","16608.00","--","152098.00","135490.00","--","--","152098.00","--","--","1.52"
"115/08/20","115","2","6202","盛群","1808704.00","1038806.00","--","--","769898.00","3666.00","--","766232.00","562613.00","--","203619.00","64775.00","268394.00","44028.00","224366.00","--","--","224366.00","68135.00","--","292501.00","216181.00","--","8185.00","281812.00","--","10689.00","0.94"
"115/08/20","115","2","6205","詮欣","665770.00","416375.00","--","--","249395.00","--","--","249395.00","188287.00","--","61108.00","51130.00","112238.00","17681.00","94557.00","--","--","94557.00","50123.00","--","144680.00","93957.00","--","600.00","143934.00","--","746.00","1.16"
"115/08/20","115","2","6206","飛捷","3391835.00","1848799.00","--","--","1543036.00","--","--","1543036.00","537518.00","--","1005518.00","31182.00","1036700.00","199063.00","837637.00","--","--","837637.00","8228.00","--","845865.00","847710.00","--","-10073.00","855839.00","--","-9974.00","5.93"
"115/08/20","115","2","6209","今國光","2414494.00","1736974.00","--","--","677520.00","--","--","677520.00","354774.00","--","322746.00","37640.00","360386.00","85777.00","274609.00","--","--","274609.00","116604.00","--","391213.00","274609.00","--","--","391213.00","--","--","1.53"
"115/08/20","115","2","6213","聯茂","20673078.00","17089749.00","--","--","3583329.00","--","--","3583329.00","1311037.00","--","2272292.00","44935.00","2317227.00","723343.00","1593884.00","--","--","1593884.00","808307.00","--","2402191.00","1593884.00","--","--","2402191.00","--","--","4.39"
"115/08/20","115","2","6214","精誠","27367791.00","22285547.00","--","--","5082244.00","--","--","5082244.00","3915125.00","--","1167119.00","979802.00","2146921.00","349857.00","1797064.00","--","--","1797064.00","57709.00","--","1854773.00","1673093.00","--","123971.00","1730302.00","--","124471.00","6.15"
"115/08/20","115","2","6215","和椿","1675306.00","1219090.00","--","--","456216.00","--","--","456216.00","270319.00","--","185897.00","17298.00","203195.00","43922.00","159273.00","--","--","159273.00","15697.00","--","174970.00","159273.00","--","0.00","174970.00","--","0.00","1.92"
"115/08/20","115","2","6216","居易","284856.00","163034.00","--","--","121822.00","--","--","121822.00","145459.00","--","-23637.00","18731.00","-4906.00","8633.00","-13539.00","--","--","-13539.00","--","--","-13539.00","--","--","--","--","--","--","-0.14"
"115/08/20","115","2","6224","聚鼎","1476301.00","978879.00","--","--","497422.00","--","--","497422.00","392448.00","--","104974.00","40764.00","145738.00","36311.00","109427.00","--","--","109427.00","56109.00","--","165536.00","116224.00","--","-6797.00","171558.00","--","-6022.00","1.37"
"115/08/20","115","2","6225","天瀚","26757.00","14662.00","--","--","12095.00","--","--","12095.00","20581.00","--","-8486.00","5990.00","-2496.00","0.00","-2496.00","--","--","-2496.00","1009.00","--","-1487.00","-2496.00","0.00","0.00","-1487.00","0.00","0.00","-0.09"
"115/08/20","115","2","6226","光鼎","326898.00","226840.00","--","--","100058.00","--","--","100058.00","113496.00","--","-13438.00","23435.00","9997.00","6418.00","3579.00","0.00","--","3579.00","126712.00","--","130291.00","3579.00","--","0.00","130291.00","--","0.00","0.03"
"115/08/20","115","2","6230","尼得科超眾","4678093.00","3866037.00","--","--","812056.00","--","--","812056.00","780196.00","--","31860.00","-196448.00","-164588.00","-7761.00","-156827.00","--","--","-156827.00","228415.00","--","71588.00","-156827.00","--","--","71588.00","--","--","-1.82"
"115/08/20","115","2","6235","華孚","3231976.00","2438855.00","--","--","793121.00","--","--","793121.00","604724.00","--","188397.00","-64349.00","124048.00","43800.00","80248.00","--","--","80248.00","195479.00","--","275727.00","80248.00","--","--","275727.00","--","--","0.40"
"115/08/20","115","2","6239","力成","44429999.00","35254988.00","--","--","9175011.00","--","--","9175011.00","2883720.00","--","6291291.00","526950.00","6818241.00","1581742.00","5236499.00","--","--","5236499.00","157579.00","--","5394078.00","4063013.00","--","1173486.00","4253548.00","--","1140530.00","5.50"
"115/08/20","115","2","6243","迅杰","168376.00","82842.00","--","--","85534.00","--","--","85534.00","141876.00","--","-56342.00","11916.00","-44426.00","1698.00","-46124.00","--","--","-46124.00","--","--","-46124.00","--","--","--","--","--","--","-1.02"
"115/08/20","115","2","6257","矽格","11174473.00","7485101.00","--","--","3689372.00","--","--","3689372.00","997267.00","--","2692105.00","263402.00","2955507.00","475480.00","2480027.00","--","--","2480027.00","3462428.00","--","5942455.00","2225873.00","--","254154.00","5693779.00","--","248676.00","4.65"
"115/08/20","115","2","6269","台郡","10847066.00","10692495.00","--","--","154571.00","--","--","154571.00","1854929.00","--","-1700358.00","80323.00","-1620035.00","-275578.00","-1344457.00","--","--","-1344457.00","521741.00","--","-822716.00","-1364721.00","--","20264.00","-843451.00","--","20735.00","-4.27"
"115/08/20","115","2","6271","同欣電","5972201.00","4203418.00","--","--","1768783.00","--","--","1768783.00","803486.00","--","965297.00","152255.00","1117552.00","201723.00","915829.00","0.00","--","915829.00","249542.00","--","1165371.00","914329.00","0.00","1500.00","1164166.00","0.00","1205.00","4.37"
"115/08/20","115","2","6272","驊陞","1567070.00","1239255.00","--","--","327815.00","--","--","327815.00","313251.00","--","14564.00","-8058.00","6506.00","-2734.00","9240.00","--","--","9240.00","62761.00","--","72001.00","10748.00","--","-1508.00","66844.00","--","5157.00","0.13"
"115/08/20","115","2","6277","宏正","2635317.00","1018500.00","--","--","1616817.00","--","--","1616817.00","1208339.00","--","408478.00","-4162.00","404316.00","99781.00","304535.00","--","--","304535.00","-26477.00","--","278058.00","298698.00","--","5837.00","273688.00","--","4370.00","2.50"
"115/08/20","115","2","6278","台表科","25785584.00","22806019.00","--","--","2979565.00","--","--","2979565.00","1437771.00","--","1541794.00","162396.00","1704190.00","275688.00","1428502.00","--","--","1428502.00","682538.00","--","2111040.00","1427118.00","--","1384.00","2111761.00","--","-721.00","4.93"
"115/08/20","115","2","6281","全國電","9673563.00","7727186.00","--","--","1946377.00","--","--","1946377.00","1670634.00","--","275743.00","7441.00","283184.00","59182.00","224002.00","--","--","224002.00","--","--","224002.00","--","--","--","--","--","--","2.26"
"115/08/20","115","2","6282","康舒","18095950.00","13982105.00","--","--","4113845.00","--","--","4113845.00","3722802.00","--","391043.00","64113.00","455156.00","149867.00","305289.00","0.00","--","305289.00","514363.00","--","819652.00","312697.00","--","-7408.00","814292.00","--","5360.00","0.37"
"115/08/20","115","2","6283","淳安","871970.00","803441.00","--","--","68529.00","--","--","68529.00","181936.00","--","-113407.00","23406.00","-90001.00","-4611.00","-85390.00","--","--","-85390.00","59667.00","--","-25723.00","-77051.00","--","-8339.00","-28572.00","--","2849.00","-0.53"
"115/08/20","115","2","6285","啟碁","68594467.00","59456233.00","--","--","9138234.00","--","--","9138234.00","5707587.00","--","3430647.00","22453.00","3453100.00","691456.00","2761644.00","--","--","2761644.00","629485.00","--","3391129.00","2761644.00","--","--","3391129.00","--","--","5.75"
"115/08/20","115","2","6405","悅城","248.00","22169.00","--","--","-21921.00","--","--","-21921.00","29588.00","--","-51509.00","59912.00","8403.00","984.00","7419.00","--","--","7419.00","637779.00","--","645198.00","--","--","--","--","--","--","0.11"
"115/08/20","115","2","6409","旭隼","9759001.00","7257644.00","--","--","2501357.00","--","--","2501357.00","733522.00","--","1767835.00","-464791.00","1303044.00","199321.00","1103723.00","--","--","1103723.00","513358.00","--","1617081.00","1103723.00","--","--","1617081.00","--","--","12.58"
"115/08/20","115","2","6412","群電","16227361.00","13883596.00","--","--","2343765.00","--","--","2343765.00","1813730.00","--","530035.00","799791.00","1329826.00","111278.00","1218548.00","--","--","1218548.00","434684.00","--","1653232.00","1218548.00","--","--","1653232.00","--","--","3.04"
"115/08/20","115","2","6414","樺漢","85491428.00","68680532.00","--","--","16810896.00","--","--","16810896.00","12133695.00","--","4677201.00","1196414.00","5873615.00","1252113.00","4621502.00","0.00","--","4621502.00","10448.00","--","4631950.00","1802674.00","--","2818828.00","2074486.00","--","2557464.00","12.31"
"115/08/20","115","2","6416","瑞祺電通","2391053.00","1797160.00","--","--","593893.00","--","--","593893.00","319073.00","--","274820.00","7964.00","282784.00","69838.00","212946.00","--","--","212946.00","-2812.00","--","210134.00","212871.00","--","75.00","212821.00","--","-2687.00","2.90"
"115/08/20","115","2","6426","統新","362047.00","184402.00","--","--","177645.00","--","--","177645.00","83251.00","--","94394.00","13721.00","108115.00","-5928.00","114043.00","--","--","114043.00","-133.00","--","113910.00","114043.00","--","--","113910.00","--","--","2.96"
"115/08/20","115","2","6438","迅得","3568453.00","2635907.00","--","--","932546.00","--","--","932546.00","531528.00","--","401018.00","-6315.00","394703.00","90783.00","303920.00","--","--","303920.00","826307.00","--","1130227.00","311265.00","--","-7345.00","1138478.00","--","-8251.00","3.79"
"115/08/20","115","2","6442","光聖","6386649.00","2586444.00","--","--","3800205.00","--","--","3800205.00","1905988.00","--","1894217.00","78331.00","1972548.00","475907.00","1496641.00","--","--","1496641.00","-2052184.00","--","-555543.00","1497178.00","--","-537.00","-555006.00","--","-537.00","19.07"
"115/08/20","115","2","6443","元晶","673833.00","837404.00","--","--","-163571.00","-1877.00","-213.00","-161907.00","135934.00","-480.00","-298321.00","-4674.00","-302995.00","3804.00","-306799.00","--","--","-306799.00","2524.00","--","-304275.00","-306789.00","--","-10.00","-304265.00","--","-10.00","-0.60"
"115/08/20","115","2","6446","藥華藥","11976809.00","1016735.00","--","--","10960074.00","--","--","10960074.00","5717584.00","--","5242490.00","291693.00","5534183.00","854592.00","4679591.00","--","--","4679591.00","230323.00","--","4909914.00","4679591.00","--","--","4909914.00","--","--","11.35"
"115/08/20","115","2","6449","鈺邦","2498324.00","1612390.00","--","--","885934.00","--","--","885934.00","453082.00","--","432852.00","51362.00","484214.00","116994.00","367220.00","--","--","367220.00","2018927.00","--","2386147.00","390212.00","--","-22992.00","2409139.00","--","-22992.00","4.42"
"115/08/20","115","2","6456","GIS-KY","26579610.00","25428905.00","--","--","1150705.00","--","--","1150705.00","2275085.00","--","-1124380.00","373494.00","-750886.00","506301.00","-1257187.00","--","--","-1257187.00","1170525.00","--","-86662.00","-1256911.00","--","-276.00","-87234.00","--","572.00","-3.76"
"115/08/20","115","2","6464","台數科","2145010.00","1063489.00","--","--","1081521.00","--","--","1081521.00","486739.00","--","594782.00","-80049.00","514733.00","116379.00","398354.00","--","--","398354.00","-7775.00","--","390579.00","389361.00","--","8993.00","383444.00","--","7135.00","2.91"
"115/08/20","115","2","6472","保瑞","9890685.00","6017832.00","--","--","3872853.00","--","--","3872853.00","2477606.00","--","1395247.00","-360992.00","1034255.00","379841.00","654414.00","-24974.00","--","629440.00","55253.00","--","684693.00","581601.00","--","47839.00","655092.00","--","29601.00","4.56"
"115/08/20","115","2","6477","安集","449527.00","302844.00","--","--","146683.00","--","--","146683.00","58149.00","--","88534.00","-53876.00","34658.00","11182.00","23476.00","--","--","23476.00","-11011.00","--","12465.00","18500.00","--","4976.00","7630.00","--","4835.00","0.15"
"115/08/20","115","2","6491","晶碩","4000172.00","1874215.00","--","--","2125957.00","--","--","2125957.00","998580.00","--","1127377.00","88853.00","1216230.00","189269.00","1026961.00","--","--","1026961.00","20186.00","--","1047147.00","1016521.00","--","10440.00","1035414.00","--","11733.00","13.13"
"115/08/20","115","2","6504","南六","3329596.00","2883490.00","--","--","446106.00","--","--","446106.00","345630.00","--","100476.00","-60013.00","40463.00","39495.00","968.00","--","--","968.00","98852.00","--","99820.00","987.00","--","-19.00","99836.00","--","-16.00","0.01"
"115/08/20","115","2","6505","台塑化","344972366.00","292351170.00","--","--","52621196.00","--","--","52621196.00","5223969.00","--","47397227.00","4187977.00","51585204.00","10403336.00","41181868.00","--","--","41181868.00","101424223.00","--","142606091.00","41185628.00","--","-3760.00","142550278.00","--","55813.00","4.32"
"115/08/20","115","2","6515","穎崴","6503650.00","3871464.00","--","--","2632186.00","--","--","2632186.00","1030333.00","--","1601853.00","119804.00","1721657.00","350887.00","1370770.00","--","--","1370770.00","66207.00","--","1436977.00","1370770.00","--","--","1436977.00","--","--","38.24"
"115/08/20","115","2","6525","捷敏-KY","3008421.00","2176200.00","--","--","832221.00","--","--","832221.00","194378.00","--","637843.00","-6580.00","631263.00","136122.00","495141.00","--","--","495141.00","168747.00","--","663888.00","495141.00","--","--","663888.00","--","--","3.84"
"115/08/20","115","2","6526","達發","11744071.00","5650115.00","--","--","6093956.00","--","--","6093956.00","4334729.00","--","1759227.00","162741.00","1921968.00","289981.00","1631987.00","--","--","1631987.00","137745.00","--","1769732.00","1628149.00","--","3838.00","1765894.00","--","3838.00","9.72"
"115/08/20","115","2","6531","愛普*","4462828.00","2333634.00","--","--","2129194.00","--","--","2129194.00","815273.00","--","1313921.00","346663.00","1660584.00","333439.00","1327145.00","--","--","1327145.00","47884.00","--","1375029.00","1357389.00","--","-30244.00","1404021.00","--","-28992.00","8.33"
"115/08/20","115","2","6533","晶心科","892623.00","1156.00","--","--","891467.00","--","--","891467.00","1198446.00","--","-306979.00","9703.00","-297276.00","-63390.00","-233886.00","--","--","-233886.00","3390.00","--","-230496.00","-233886.00","--","--","-230496.00","--","--","-4.62"
"115/08/20","115","2","6534","正瀚-創","1328929.00","189625.00","--","--","1139304.00","--","--","1139304.00","450410.00","--","688894.00","9947.00","698841.00","121015.00","577826.00","--","--","577826.00","4205.00","--","582031.00","577826.00","--","0.00","582031.00","--","0.00","5.65"
"115/08/20","115","2","6552","易華電","576929.00","630541.00","--","--","-53612.00","--","--","-53612.00","78953.00","--","-132565.00","56736.00","-75829.00","-807.00","-75022.00","--","--","-75022.00","1033405.00","--","958383.00","--","--","--","--","--","--","-0.90"
"115/08/20","115","2","6558","興能高","518067.00","460368.00","--","--","57699.00","--","--","57699.00","140255.00","--","-82556.00","10030.00","-72526.00","-1471.00","-71055.00","--","--","-71055.00","24778.00","--","-46277.00","-71055.00","--","--","-46277.00","--","--","-0.76"
"115/08/20","115","2","6579","研揚","5227560.00","3422946.00","--","--","1804614.00","--","--","1804614.00","1271525.00","--","533089.00","511974.00","1045063.00","148986.00","896077.00","--","--","896077.00","55226.00","--","951303.00","773376.00","--","122701.00","824422.00","--","126881.00","6.15"
"115/08/20","115","2","6581","鋼聯","1282106.00","534615.00","--","--","747491.00","--","--","747491.00","132724.00","--","614767.00","-4482.00","610285.00","124199.00","486086.00","--","--","486086.00","--","--","486086.00","486086.00","--","--","486086.00","--","--","4.37"
"115/08/20","115","2","6582","申豐","260740.00","255124.00","--","--","5616.00","--","--","5616.00","58567.00","--","-52951.00","46124.00","-6827.00","-5573.00","-1254.00","--","--","-1254.00","543344.00","--","542090.00","-1254.00","--","--","542090.00","--","--","-0.01"
"115/08/20","115","2","6585","鼎基","1657000.00","1039138.00","--","--","617862.00","--","--","617862.00","203057.00","--","414805.00","30238.00","445043.00","98411.00","346632.00","--","--","346632.00","7900.00","--","354532.00","346632.00","--","--","354532.00","--","--","4.81"
"115/08/20","115","2","6589","台康生技","620746.00","417926.00","--","--","202820.00","--","--","202820.00","612180.00","--","-409360.00","73539.00","-335821.00","378.00","-336199.00","--","--","-336199.00","-46949.00","--","-383148.00","-336199.00","--","--","-383148.00","--","--","-1.12"
"115/08/20","115","2","6591","動力-KY","544167.00","415946.00","--","--","128221.00","--","--","128221.00","162279.00","--","-34058.00","49660.00","15602.00","-13457.00","29059.00","--","--","29059.00","46071.00","--","75130.00","30178.00","--","-1119.00","76249.00","--","-1119.00","0.73"
"115/08/20","115","2","6592","和潤企業","11564100.00","4436223.00","--","--","7127877.00","--","--","7127877.00","4833376.00","--","2294501.00","193344.00","2487845.00","597315.00","1890530.00","--","--","1890530.00","4181.00","--","1894711.00","1857210.00","--","33320.00","1695678.00","--","199033.00","2.22"
"115/08/20","115","2","6605","帝寶","9610386.00","6546983.00","--","--","3063403.00","--","--","3063403.00","1458473.00","--","1604930.00","66023.00","1670953.00","389061.00","1281892.00","--","--","1281892.00","5428.00","--","1287320.00","1278602.00","--","3290.00","1263298.00","--","24022.00","7.71"
"115/08/20","115","2","6606","建德工業","484805.00","274474.00","--","--","210331.00","--","--","210331.00","66744.00","--","143587.00","6962.00","150549.00","61081.00","89468.00","-195.00","--","89273.00","50908.00","--","140181.00","90127.00","--","-854.00","139966.00","--","215.00","0.82"
"115/08/20","115","2","6614","資拓宏宇","2489421.00","2195651.00","--","--","293770.00","--","--","293770.00","248984.00","--","44786.00","7255.00","52041.00","9301.00","42740.00","--","--","42740.00","--","--","42740.00","42740.00","--","--","42740.00","--","--","0.53"
"115/08/20","115","2","6625","必應","2158509.00","1641395.00","--","--","517114.00","--","--","517114.00","139014.00","--","378100.00","22842.00","400942.00","132475.00","268467.00","--","--","268467.00","21944.00","--","290411.00","267783.00","--","684.00","289727.00","--","684.00","4.63"
"115/08/20","115","2","6645","金萬林-創","278377.00","236739.00","--","--","41638.00","--","--","41638.00","118745.00","--","-77107.00","-1912.00","-79019.00","375.00","-79394.00","--","--","-79394.00","172.00","--","-79222.00","-76321.00","--","-3073.00","-76149.00","--","-3073.00","-1.26"
"115/08/20","115","2","6655","科定","1507518.00","762369.00","--","--","745149.00","--","--","745149.00","509273.00","--","235876.00","23085.00","258961.00","51666.00","207295.00","--","--","207295.00","902042.00","--","1109337.00","206110.00","--","1185.00","1108468.00","--","869.00","2.62"
"115/08/20","115","2","6657","華安","3243.00","911.00","--","--","2332.00","--","--","2332.00","194173.00","--","-191841.00","7030.00","-184811.00","--","-184811.00","--","--","-184811.00","62.00","--","-184749.00","-184811.00","--","--","-184749.00","--","--","-2.10"
"115/08/20","115","2","6658","聯策","1324146.00","1011853.00","--","--","312293.00","--","--","312293.00","174427.00","--","137866.00","6597.00","144463.00","38434.00","106029.00","--","--","106029.00","41519.00","--","147548.00","110931.00","--","-4902.00","152450.00","--","-4902.00","3.05"
"115/08/20","115","2","6668","中揚光","586221.00","502996.00","--","--","83225.00","--","--","83225.00","180112.00","--","-96887.00","7817.00","-89070.00","476.00","-89546.00","--","--","-89546.00","166297.00","--","76751.00","-89339.00","--","-207.00","76722.00","--","29.00","-0.83"
"115/08/20","115","2","6669","緯穎","554660326.00","508016209.00","--","--","46644117.00","--","--","46644117.00","8967941.00","--","37676176.00","-768187.00","36907989.00","7824482.00","29083507.00","--","--","29083507.00","1767192.00","--","30850699.00","29083507.00","--","--","30850699.00","--","--","156.38"
"115/08/20","115","2","6670","復盛應用","16543124.00","12438111.00","--","--","4105013.00","--","--","4105013.00","1582748.00","--","2522265.00","29364.00","2551629.00","601016.00","1950613.00","--","--","1950613.00","368391.00","--","2319004.00","1826406.00","--","124207.00","2164010.00","--","154994.00","13.10"
"115/08/20","115","2","6672","騰輝電子-KY","2859714.00","1855224.00","--","--","1004490.00","--","--","1004490.00","588354.00","--","416136.00","8192.00","424328.00","66859.00","357469.00","--","--","357469.00","110344.00","--","467813.00","357470.00","--","-1.00","467814.00","--","-1.00","4.75"
"115/08/20","115","2","6674","鋐寶科技","217063.00","189308.00","--","--","27755.00","--","--","27755.00","151338.00","--","-123583.00","-4386.00","-127969.00","5000.00","-132969.00","--","--","-132969.00","-150.00","--","-133119.00","-132969.00","--","--","-133119.00","--","--","-1.97"
"115/08/20","115","2","6689","伊雲谷","6120700.00","5536007.00","--","--","584693.00","--","--","584693.00","544913.00","--","39780.00","26165.00","65945.00","11820.00","54125.00","--","--","54125.00","19576.00","--","73701.00","48464.00","--","5661.00","67651.00","--","6050.00","0.71"
"115/08/20","115","2","6691","洋基工程","18111362.00","14807058.00","--","--","3304304.00","--","--","3304304.00","365881.00","--","2938423.00","15970.00","2954393.00","637678.00","2316715.00","--","--","2316715.00","37539.00","--","2354254.00","2316715.00","--","--","2354254.00","--","--","17.46"
"115/08/20","115","2","6695","芯鼎","507145.00","316561.00","--","--","190584.00","--","--","190584.00","373706.00","--","-183122.00","56338.00","-126784.00","--","-126784.00","--","--","-126784.00","--","--","-126784.00","-126784.00","--","--","-126784.00","--","--","-1.28"
"115/08/20","115","2","6698","旭暉應材","327242.00","344673.00","--","--","-17431.00","--","--","-17431.00","125570.00","--","-143001.00","5625.00","-137376.00","-5076.00","-132300.00","--","--","-132300.00","17722.00","--","-114578.00","-85277.00","--","-47023.00","-72289.00","--","-42289.00","-1.30"
"115/08/20","115","2","6706","惠特","337458.00","365958.00","--","--","-28500.00","0.00","0.00","-28500.00","258218.00","--","-286718.00","47840.00","-238878.00","-14948.00","-223930.00","--","--","-223930.00","74926.00","--","-149004.00","-223930.00","--","--","-149004.00","--","--","-2.85"
"115/08/20","115","2","6715","嘉基","921018.00","621423.00","--","--","299595.00","--","--","299595.00","237241.00","--","62354.00","11055.00","73409.00","29845.00","43564.00","--","--","43564.00","5210.00","--","48774.00","59528.00","--","-15964.00","64738.00","--","-15964.00","0.89"
"115/08/20","115","2","6719","力智","2100786.00","1257329.00","--","--","843457.00","--","--","843457.00","468413.00","--","375044.00","160611.00","535655.00","92690.00","442965.00","--","--","442965.00","55994.00","--","498959.00","442965.00","--","--","498959.00","--","--","4.20"
"115/08/20","115","2","6722","輝創","2413123.00","1893961.00","--","--","519162.00","601.00","--","518561.00","460393.00","--","58168.00","41227.00","99395.00","29285.00","70110.00","--","--","70110.00","7786.00","--","77896.00","70110.00","--","--","77896.00","--","--","0.80"
"115/08/20","115","2","6742","澤米","180916.00","203118.00","--","--","-22202.00","--","--","-22202.00","48289.00","--","-70491.00","6897.00","-63594.00","-1970.00","-61624.00","--","--","-61624.00","1333.00","--","-60291.00","-61624.00","--","--","-60291.00","--","--","-0.87"
"115/08/20","115","2","6743","安普新","2441106.00","2011996.00","--","--","429110.00","--","--","429110.00","327144.00","--","101966.00","-64003.00","37963.00","37834.00","129.00","--","--","129.00","51092.00","--","51221.00","129.00","--","0.00","51221.00","--","0.00","0.00"
"115/08/20","115","2","6753","龍德造船","2849125.00","1732688.00","--","--","1116437.00","--","--","1116437.00","142125.00","--","974312.00","1648.00","975960.00","208337.00","767623.00","--","--","767623.00","2639.00","--","770262.00","--","--","--","--","--","--","6.55"
"115/08/20","115","2","6754","匯僑設計","1394388.00","1077532.00","--","--","316856.00","--","--","316856.00","275738.00","--","41118.00","11046.00","52164.00","6548.00","45616.00","--","--","45616.00","31731.00","--","77347.00","45616.00","--","--","77347.00","--","--","0.69"
"115/08/20","115","2","6756","威鋒電子","948111.00","527655.00","--","--","420456.00","--","--","420456.00","453974.00","--","-33518.00","122563.00","89045.00","16836.00","72209.00","--","--","72209.00","131210.00","--","203419.00","86621.00","--","-14412.00","216010.00","--","-12591.00","1.24"
"115/08/20","115","2","6757","台灣虎航","10324864.00","7298684.00","--","--","3026180.00","--","--","3026180.00","908819.00","--","2117361.00","-17824.00","2099537.00","421374.00","1678163.00","--","--","1678163.00","1566.00","--","1679729.00","--","--","--","--","--","--","3.65"
"115/08/20","115","2","6770","力積電","30862646.00","24585508.00","--","--","6277138.00","--","--","6277138.00","4837192.00","16470247.00","17910193.00","309699.00","18219892.00","697542.00","17522350.00","--","--","17522350.00","34578.00","--","17556928.00","17522350.00","--","--","17556928.00","--","--","4.08"
"115/08/20","115","2","6771","平和環保-創","277707.00","147692.00","--","--","130015.00","--","--","130015.00","58351.00","--","71664.00","-12324.00","59340.00","13597.00","45743.00","--","--","45743.00","0.00","--","45743.00","45903.00","--","-160.00","45903.00","--","-160.00","1.47"
"115/08/20","115","2","6776","展碁國際","18872616.00","17405764.00","--","--","1466852.00","--","--","1466852.00","1090470.00","--","376382.00","-43631.00","332751.00","84900.00","247851.00","--","--","247851.00","43997.00","--","291848.00","218892.00","5392.00","23567.00","249901.00","6924.00","35023.00","2.45"
"115/08/20","115","2","6782","視陽","2496453.00","1314855.00","--","--","1181598.00","--","--","1181598.00","456876.00","--","724722.00","-21955.00","702767.00","169216.00","533551.00","--","--","533551.00","13109.00","--","546660.00","532601.00","--","950.00","545710.00","--","950.00","8.45"
"115/08/20","115","2","6789","采鈺","4790531.00","3287962.00","--","--","1502569.00","--","--","1502569.00","742297.00","247687.00","1007959.00","76053.00","1084012.00","147865.00","936147.00","--","--","936147.00","--","--","936147.00","--","--","--","--","--","--","2.95"
"115/08/20","115","2","6790","永豐實","5356690.00","3855081.00","--","--","1501609.00","--","--","1501609.00","1026048.00","--","475561.00","38274.00","513835.00","106696.00","407139.00","--","--","407139.00","114524.00","--","521663.00","407139.00","--","0.00","521663.00","--","0.00","1.52"
"115/08/20","115","2","6792","詠業","716906.00","461225.00","--","--","255681.00","--","--","255681.00","166462.00","--","89219.00","5741.00","94960.00","16433.00","78527.00","--","--","78527.00","101065.00","--","179592.00","78527.00","--","--","179592.00","--","--","1.68"
"115/08/20","115","2","6794","向榮生技","10873.00","4124.00","--","--","6749.00","--","--","6749.00","62277.00","--","-55528.00","7403.00","-48125.00","--","-48125.00","--","--","-48125.00","--","--","-48125.00","--","--","--","--","--","--","-0.76"
"115/08/20","115","2","6796","晉弘","308894.00","193822.00","--","--","115072.00","--","--","115072.00","143977.00","--","-28905.00","4291.00","-24614.00","-3016.00","-21598.00","--","--","-21598.00","480.00","--","-21118.00","-21598.00","--","--","-21118.00","--","--","-0.54"
"115/08/20","115","2","6799","來頡","503896.00","271014.00","--","--","232882.00","--","--","232882.00","124969.00","--","107913.00","19384.00","127297.00","22896.00","104401.00","--","--","104401.00","-235.00","--","104166.00","104401.00","--","--","104166.00","--","--","2.41"
"115/08/20","115","2","6805","富世達","7923593.00","5298555.00","--","--","2625038.00","--","--","2625038.00","461334.00","--","2163704.00","77055.00","2240759.00","474358.00","1766401.00","--","--","1766401.00","249169.00","--","2015570.00","1766401.00","--","--","2015570.00","--","--","25.77"
"115/08/20","115","2","6830","汎銓","1213881.00","930413.00","--","--","283468.00","--","--","283468.00","276183.00","--","7285.00","-16418.00","-9133.00","4118.00","-13251.00","--","--","-13251.00","45844.00","--","32593.00","-13251.00","--","--","32593.00","--","--","-0.25"
"115/08/20","115","2","6831","邁科","1901151.00","1520982.00","--","--","380169.00","--","--","380169.00","211770.00","--","168399.00","-21731.00","146668.00","34513.00","112155.00","--","--","112155.00","16942.00","--","129097.00","112155.00","--","--","129097.00","--","--","1.66"
"115/08/20","115","2","6834","天二科技","1003495.00","742548.00","--","--","260947.00","--","--","260947.00","152107.00","--","108840.00","54431.00","163271.00","21906.00","141365.00","--","--","141365.00","2784.00","--","144149.00","141365.00","--","--","144149.00","--","--","1.60"
"115/08/20","115","2","6835","圓裕","1174128.00","984796.00","--","--","189332.00","--","--","189332.00","193732.00","--","-4400.00","-8506.00","-12906.00","2271.00","-15177.00","--","--","-15177.00","-11976.00","--","-27153.00","-15183.00","--","6.00","-26965.00","--","-188.00","-0.23"
"115/08/20","115","2","6838","台新藥","48448.00","13599.00","--","--","34849.00","--","--","34849.00","121189.00","--","-86340.00","5968.00","-80372.00","2502.00","-82874.00","--","--","-82874.00","-2561.00","--","-85435.00","-82896.00","--","22.00","-85439.00","--","4.00","-0.55"
"115/08/20","115","2","6854","錼創科技-KY創","286923.00","374017.00","--","--","-87094.00","--","--","-87094.00","465024.00","--","-552118.00","98957.00","-453161.00","33013.00","-486174.00","--","--","-486174.00","17390.00","--","-468784.00","-486174.00","--","--","-468784.00","--","--","-4.13"
"115/08/20","115","2","6861","睿生光電","1548068.00","1124288.00","--","--","423780.00","--","--","423780.00","240889.00","--","182891.00","39866.00","222757.00","38000.00","184757.00","--","--","184757.00","565.00","--","185322.00","184757.00","--","--","185322.00","--","--","4.44"
"115/08/20","115","2","6863","永道-KY","2682365.00","2083666.00","--","--","598699.00","--","--","598699.00","340707.00","--","257992.00","-10917.00","247075.00","102291.00","144784.00","--","--","144784.00","242298.00","--","387082.00","144715.00","--","69.00","386976.00","--","106.00","1.93"
"115/08/20","115","2","6869","雲豹能源","3497941.00","2928866.00","--","--","569075.00","8295.00","9469.00","570249.00","461447.00","--","108802.00","-321475.00","-212673.00","3204.00","-215877.00","--","--","-215877.00","-25942.00","--","-241819.00","-252522.00","--","36645.00","-269726.00","--","27907.00","-1.89"
"115/08/20","115","2","6873","泓德能源","3077835.00","2153569.00","--","--","924266.00","166177.00","--","758089.00","646050.00","--","112039.00","-274371.00","-162332.00","56707.00","-219039.00","--","--","-219039.00","6811.00","--","-212228.00","-188631.00","--","-30408.00","-212471.00","--","243.00","-1.32"
"115/08/20","115","2","6885","全福生技","6790.00","7956.00","--","--","-1166.00","--","--","-1166.00","168188.00","--","-169354.00","-34533.00","-203887.00","33.00","-203920.00","--","--","-203920.00","27617.00","--","-176303.00","-182714.00","--","-21206.00","-155017.00","--","-21286.00","-1.39"
"115/08/20","115","2","6901","鑽石投資","3129314.00","--","--","--","3129314.00","--","--","3129314.00","73605.00","--","3055709.00","26826.00","3082535.00","0.00","3082535.00","--","--","3082535.00","--","--","3082535.00","--","--","--","--","--","--","3.62"
"115/08/20","115","2","6902","GOGOLOOK","612824.00","65327.00","--","--","547497.00","--","--","547497.00","428900.00","--","118597.00","2703.00","121300.00","3673.00","117627.00","--","--","117627.00","-3304.00","--","114323.00","117627.00","--","--","114323.00","--","--","3.33"
"115/08/20","115","2","6906","現觀科","149922.00","22513.00","--","--","127409.00","--","--","127409.00","113943.00","--","13466.00","14381.00","27847.00","3494.00","24353.00","--","--","24353.00","398.00","--","24751.00","24353.00","--","--","24751.00","--","--","0.76"
"115/08/20","115","2","6908","宏碁遊戲-創","2350091.00","2025151.00","--","--","324940.00","--","--","324940.00","317782.00","--","7158.00","-25117.00","-17959.00","3121.00","-21080.00","--","--","-21080.00","48790.00","--","27710.00","16314.00","--","-37394.00","45775.00","--","-18065.00","0.45"
"115/08/20","115","2","6909","創控","203269.00","87209.00","--","--","116060.00","--","--","116060.00","109899.00","--","6161.00","5440.00","11601.00","447.00","11154.00","--","--","11154.00","--","--","11154.00","--","--","--","--","--","--","0.17"
"115/08/20","115","2","6914","阜爾運通","2934928.00","2304871.00","--","--","630057.00","--","--","630057.00","194129.00","--","435928.00","-54065.00","381863.00","73815.00","308048.00","--","--","308048.00","1141.00","--","309189.00","308048.00","--","--","309189.00","--","--","4.65"
"115/08/20","115","2","6916","華凌","1141208.00","878518.00","--","--","262690.00","--","--","262690.00","281490.00","--","-18800.00","-8793.00","-27593.00","-3126.00","-24467.00","--","--","-24467.00","30484.00","--","6017.00","-24975.00","--","508.00","5478.00","--","539.00","-0.37"
"115/08/20","115","2","6918","愛派司","462323.00","155779.00","--","--","306544.00","--","--","306544.00","192408.00","--","114136.00","12201.00","126337.00","22654.00","103683.00","--","--","103683.00","9061.00","--","112744.00","103399.00","--","284.00","112460.00","--","284.00","3.03"
"115/08/20","115","2","6919","康霈*","3568.00","1240.00","--","--","2328.00","--","--","2328.00","511244.00","--","-508916.00","178646.00","-330270.00","0.00","-330270.00","--","--","-330270.00","-42632.00","--","-372902.00","-330270.00","--","--","-372902.00","--","--","-0.21"
"115/08/20","115","2","6921","嘉雨思-創","45036.00","24085.00","--","--","20951.00","--","--","20951.00","46247.00","--","-25296.00","2154.00","-23142.00","0.00","-23142.00","--","--","-23142.00","--","--","-23142.00","--","--","--","--","--","--","-0.73"
"115/08/20","115","2","6923","中台","671537.00","422085.00","--","--","249452.00","--","--","249452.00","45598.00","1257.00","205111.00","50170.00","255281.00","38850.00","216431.00","--","--","216431.00","-15945.00","--","200486.00","216431.00","--","--","200486.00","--","--","2.37"
"115/08/20","115","2","6928","攸泰科技","941716.00","674460.00","--","--","267256.00","--","--","267256.00","318440.00","--","-51184.00","15368.00","-35816.00","-6399.00","-29417.00","--","--","-29417.00","4044.00","--","-25373.00","-29417.00","--","--","-25373.00","--","--","-0.34"
"115/08/20","115","2","6931","青松健康","630374.00","531022.00","--","--","99352.00","--","--","99352.00","53115.00","1342.00","47579.00","154648.00","202227.00","16476.00","185751.00","--","--","185751.00","-530.00","--","185221.00","177428.00","--","8323.00","176898.00","--","8323.00","2.68"
"115/08/20","115","2","6934","心誠鎂","19814.00","52681.00","--","--","-32867.00","--","--","-32867.00","64821.00","--","-97688.00","2242.00","-95446.00","-12.00","-95434.00","--","--","-95434.00","-61.00","--","-95495.00","-95434.00","--","--","-95495.00","--","--","-2.69"
"115/08/20","115","2","6936","永鴻生技","744081.00","465930.00","--","--","278151.00","--","--","278151.00","174190.00","--","103961.00","420.00","104381.00","21239.00","83142.00","--","--","83142.00","--","--","83142.00","--","--","--","--","--","--","1.14"
"115/08/20","115","2","6937","天虹","1300864.00","758326.00","--","--","542538.00","--","--","542538.00","351725.00","--","190813.00","14014.00","204827.00","38782.00","166045.00","--","--","166045.00","11628.00","--","177673.00","170984.00","--","-4939.00","182612.00","--","-4939.00","2.54"
"115/08/20","115","2","6944","兆聯實業","9787323.00","7064473.00","--","--","2722850.00","--","--","2722850.00","452567.00","--","2270283.00","29161.00","2299444.00","654224.00","1645220.00","--","--","1645220.00","20469.00","--","1665689.00","1645220.00","--","--","1665689.00","--","--","16.50"
"115/08/20","115","2","6947","台鎔科技","852914.00","529479.00","--","--","323435.00","--","--","323435.00","98370.00","--","225065.00","-71777.00","153288.00","17855.00","135433.00","--","--","135433.00","--","--","135433.00","135433.00","--","--","135433.00","--","--","1.44"
"115/08/20","115","2","6949","沛爾生醫-創","15318.00","18321.00","--","--","-3003.00","--","--","-3003.00","195043.00","--","-198046.00","10441.00","-187605.00","0.00","-187605.00","--","--","-187605.00","322.00","--","-187283.00","-165484.00","--","-22121.00","-165162.00","--","-22121.00","-2.54"
"115/08/20","115","2","6951","青新-創","441516.00","176713.00","--","--","264803.00","--","--","264803.00","84072.00","--","180731.00","2973.00","183704.00","36433.00","147271.00","--","--","147271.00","--","--","147271.00","147271.00","--","--","147271.00","--","--","2.83"
"115/08/20","115","2","6952","大武山","1140330.00","980030.00","67036.00","--","227336.00","--","--","227336.00","181623.00","--","45713.00","-4349.00","41364.00","4071.00","37293.00","--","--","37293.00","--","--","37293.00","35820.00","0.00","1473.00","35820.00","0.00","1473.00","0.53"
"115/08/20","115","2","6955","邦睿生技-創","176715.00","39817.00","--","--","136898.00","--","--","136898.00","80919.00","--","55979.00","4762.00","60741.00","8403.00","52338.00","--","--","52338.00","172.00","--","52510.00","52338.00","--","0.00","52510.00","--","0.00","2.11"
"115/08/20","115","2","6958","日盛台駿","5095330.00","3659686.00","--","--","1435644.00","--","--","1435644.00","1156676.00","--","278968.00","24016.00","302984.00","116509.00","186475.00","--","--","186475.00","150861.00","--","337336.00","185793.00","--","682.00","343350.00","--","-6014.00","0.46"
"115/08/20","115","2","6962","奕力-KY","8720612.00","7162931.00","--","--","1557681.00","--","--","1557681.00","1693051.00","--","-135370.00","174806.00","39436.00","-253958.00","293394.00","--","--","293394.00","81396.00","--","374790.00","293394.00","--","--","374790.00","--","--","0.61"
"115/08/20","115","2","6969","成信實業*-創","145313.00","97246.00","--","--","48067.00","215.00","253.00","48105.00","41806.00","--","6299.00","-8175.00","-1876.00","0.00","-1876.00","--","--","-1876.00","--","--","-1876.00","-1876.00","0.00","0.00","-1876.00","0.00","0.00","-0.04"
"115/08/20","115","2","6988","威力暘-創","359857.00","253763.00","--","--","106094.00","--","--","106094.00","114544.00","--","-8450.00","-737.00","-9187.00","351.00","-9538.00","--","--","-9538.00","15516.00","--","5978.00","-9538.00","--","--","5978.00","--","--","-0.20"
"115/08/20","115","2","6994","富威電力","1420411.00","1209202.00","--","--","211209.00","27848.00","1638.00","184999.00","119724.00","--","65275.00","-52514.00","12761.00","23139.00","-10378.00","--","--","-10378.00","474.00","--","-9904.00","-6359.00","--","-4019.00","-6117.00","--","-3787.00","-0.09"
"115/08/20","115","2","7610","聯友金屬-創","2929338.00","883685.00","--","--","2045653.00","--","--","2045653.00","193501.00","--","1852152.00","2018.00","1854170.00","381847.00","1472323.00","--","--","1472323.00","--","--","1472323.00","1471307.00","--","1016.00","1471307.00","--","1016.00","25.37"
"115/08/20","115","2","7631","聚賢研發-創","899750.00","631426.00","--","--","268324.00","--","--","268324.00","91618.00","--","176706.00","303.00","177009.00","50781.00","126228.00","--","--","126228.00","2012.00","--","128240.00","126228.00","--","--","128240.00","--","--","6.26"
"115/08/20","115","2","7689","大鵬科CLMX","2956346.00","2047144.00","--","--","909202.00","--","--","909202.00","452089.00","--","457113.00","-19812.00","437301.00","92735.00","344566.00","--","--","344566.00","54.00","--","344620.00","344566.00","--","--","344620.00","--","--","6.51"
"115/08/20","115","2","7705","三商餐飲","3267465.00","2118585.00","--","--","1148880.00","--","--","1148880.00","1080944.00","--","67936.00","-824.00","67112.00","7849.00","59263.00","--","--","59263.00","-244.00","--","59019.00","59269.00","--","-6.00","59025.00","--","-6.00","0.90"
"115/08/20","115","2","7711","永擎","15711594.00","13318364.00","--","--","2393230.00","--","--","2393230.00","880568.00","--","1512662.00","-25097.00","1487565.00","262640.00","1224925.00","--","--","1224925.00","1.00","--","1224926.00","1224925.00","--","--","1224926.00","--","--","17.44"
"115/08/20","115","2","7721","微程式","328376.00","125632.00","--","--","202744.00","--","--","202744.00","158953.00","--","43791.00","2119.00","45910.00","9314.00","36596.00","--","--","36596.00","13656.00","--","50252.00","36596.00","--","--","50252.00","--","--","0.66"
"115/08/20","115","2","7722","LINEPAY","4227205.00","3201039.00","--","--","1026166.00","--","--","1026166.00","755391.00","--","270775.00","140607.00","411382.00","115759.00","295623.00","--","--","295623.00","-8449.00","--","287174.00","295623.00","--","--","287174.00","--","--","4.35"
"115/08/20","115","2","7730","暉盛-創","191025.00","104004.00","--","--","87021.00","--","--","87021.00","69518.00","--","17503.00","7970.00","25473.00","5087.00","20386.00","--","--","20386.00","-139.00","--","20247.00","20386.00","--","0.00","20247.00","--","0.00","0.55"
"115/08/20","115","2","7732","金興精密","533138.00","392636.00","--","--","140502.00","--","--","140502.00","90194.00","--","50308.00","25656.00","75964.00","12780.00","63184.00","--","--","63184.00","-25879.00","--","37305.00","63184.00","--","--","37305.00","--","--","0.99"
"115/08/20","115","2","7736","虎山","722156.00","518071.00","--","--","204085.00","--","--","204085.00","83381.00","--","120704.00","87548.00","208252.00","24994.00","183258.00","--","--","183258.00","-16685.00","--","166573.00","183258.00","--","--","166573.00","--","--","2.42"
"115/08/20","115","2","7740","熙特爾-創","7274083.00","6590354.00","--","--","683729.00","--","--","683729.00","177717.00","--","506012.00","-41377.00","464635.00","82977.00","381658.00","--","--","381658.00","-11944.00","--","369714.00","348169.00","--","33489.00","336225.00","--","33489.00","5.80"
"115/08/20","115","2","7750","新代","13124660.00","7110428.00","--","--","6014232.00","--","--","6014232.00","2370537.00","--","3643695.00","264388.00","3908083.00","938589.00","2969494.00","--","--","2969494.00","239514.00","--","3209008.00","2969494.00","--","--","3209008.00","--","--","42.53"
"115/08/20","115","2","7760","享溫馨","657531.00","404507.00","--","--","253024.00","--","--","253024.00","207737.00","--","45287.00","-10444.00","34843.00","887.00","33956.00","--","--","33956.00","--","--","33956.00","--","--","--","--","--","--","0.55"
"115/08/20","115","2","7765","中華資安","1181763.00","638567.00","--","--","543196.00","--","--","543196.00","251316.00","--","291880.00","21262.00","313142.00","62640.00","250502.00","--","--","250502.00","5410.00","--","255912.00","--","--","--","--","--","--","6.16"
"115/08/20","115","2","7768","頌勝科技","1129571.00","520665.00","--","--","608906.00","--","--","608906.00","399202.00","--","209704.00","81646.00","291350.00","72515.00","218835.00","--","--","218835.00","10672.00","--","229507.00","213974.00","--","4861.00","223339.00","--","6168.00","3.32"
"115/08/20","115","2","7769","鴻勁","24518966.00","10750662.00","--","--","13768304.00","--","--","13768304.00","1722048.00","--","12046256.00","644391.00","12690647.00","2590130.00","10100517.00","--","--","10100517.00","177209.00","--","10277726.00","10100510.00","--","7.00","10277719.00","--","7.00","56.14"
"115/08/20","115","2","7780","大研生醫*","1080185.00","418901.00","--","--","661284.00","--","--","661284.00","474142.00","--","187142.00","122936.00","310078.00","79184.00","230894.00","--","--","230894.00","94232.00","--","325126.00","230894.00","--","--","325126.00","--","--","0.29"
"115/08/20","115","2","7786","東方風能","6066813.00","4759539.00","--","--","1307274.00","--","--","1307274.00","170474.00","--","1136800.00","-14801.00","1121999.00","257860.00","864139.00","--","--","864139.00","-143.00","--","863996.00","864139.00","--","--","863996.00","--","--","4.92"
"115/08/20","115","2","7788","松川精密","4117008.00","2917248.00","--","--","1199760.00","--","--","1199760.00","683318.00","--","516442.00","69047.00","585489.00","147119.00","438370.00","--","--","438370.00","53464.00","--","491834.00","440369.00","--","-1999.00","487794.00","--","4040.00","5.52"
"115/08/20","115","2","7791","皇家可口","1160131.00","754512.00","--","--","405619.00","--","--","405619.00","277868.00","--","127751.00","78694.00","206445.00","-10056.00","216501.00","--","--","216501.00","-353906.00","--","-137405.00","--","--","--","--","--","--","2.71"
"115/08/20","115","2","7795","長廣","890198.00","520469.00","--","--","369729.00","--","--","369729.00","230541.00","--","139188.00","6660.00","145848.00","76786.00","69062.00","--","--","69062.00","-24259.00","--","44803.00","69062.00","--","--","44803.00","--","--","0.88"
"115/08/20","115","2","7799","禾榮科","3389.00","10998.00","--","--","-7609.00","--","--","-7609.00","223234.00","--","-230843.00","65846.00","-164997.00","--","-164997.00","--","--","-164997.00","-170390.00","--","-335387.00","-164997.00","--","--","-335387.00","--","--","-1.05"
"115/08/20","115","2","7803","雲象科技-創","32034.00","17632.00","--","--","14402.00","--","--","14402.00","172825.00","--","-158423.00","4854.00","-153569.00","0.00","-153569.00","--","--","-153569.00","-2563.00","--","-156132.00","-153569.00","--","--","-156132.00","--","--","-1.70"
"115/08/20","115","2","7818","溢泰實業","5788627.00","4171448.00","--","--","1617179.00","--","--","1617179.00","1380443.00","--","236736.00","126152.00","362888.00","107762.00","255126.00","--","--","255126.00","215228.00","--","470354.00","255126.00","--","0.00","470354.00","--","0.00","1.65"
"115/08/20","115","2","7821","神數","4795023.00","3775782.00","--","--","1019241.00","--","--","1019241.00","855107.00","--","164134.00","19325.00","183459.00","33062.00","150397.00","--","--","150397.00","7555.00","--","157952.00","150397.00","0.00","--","157952.00","0.00","--","1.32"
"115/08/20","115","2","7822","倍利科","1419287.00","575975.00","--","--","843312.00","--","--","843312.00","310234.00","--","533078.00","24143.00","557221.00","116064.00","441157.00","--","--","441157.00","--","--","441157.00","442360.00","--","-1203.00","442360.00","--","-1203.00","10.12"
"115/08/20","115","2","7835","永悅健康-創","207475.00","145051.00","--","--","62424.00","--","--","62424.00","173224.00","--","-110800.00","7001.00","-103799.00","2030.00","-105829.00","0.00","--","-105829.00","-396.00","--","-106225.00","-106185.00","--","356.00","-106542.00","--","317.00","-2.42"
"115/08/20","115","2","7855","和運租車","15215795.00","13385668.00","--","--","1830127.00","--","--","1830127.00","1395383.00","--","434744.00","239523.00","674267.00","173940.00","500327.00","--","--","500327.00","159185.00","--","659512.00","498527.00","--","1800.00","657712.00","--","1800.00","2.59"
"115/08/20","115","2","8011","台通","834838.00","664661.00","--","--","170177.00","--","--","170177.00","111567.00","--","58610.00","-11691.00","46919.00","3734.00","43185.00","--","--","43185.00","1489.00","--","44674.00","32159.00","--","11026.00","33550.00","--","11124.00","0.19"
"115/08/20","115","2","8016","矽創","11580606.00","7732917.00","--","--","3847689.00","--","--","3847689.00","2206333.00","667.00","1642023.00","369928.00","2011951.00","277026.00","1734925.00","--","--","1734925.00","1035891.00","--","2770816.00","1445230.00","--","289695.00","2399481.00","--","371335.00","12.28"
"115/08/20","115","2","8021","尖點","3165595.00","1912667.00","--","--","1252928.00","--","--","1252928.00","478586.00","7881.00","782223.00","5909.00","788132.00","236034.00","552098.00","--","--","552098.00","327534.00","--","879632.00","470734.00","--","81364.00","783898.00","--","95734.00","3.25"
"115/08/20","115","2","8028","昇陽半導體","2730311.00","1699959.00","--","--","1030352.00","--","--","1030352.00","327864.00","--","702488.00","-11469.00","691019.00","96298.00","594721.00","--","--","594721.00","--","--","594721.00","--","--","--","--","--","--","3.32"
"115/08/20","115","2","8033","雷虎","838890.00","530752.00","--","--","308138.00","--","--","308138.00","310316.00","--","-2178.00","98247.00","96069.00","-370.00","96439.00","--","--","96439.00","-25411.00","--","71028.00","95982.00","--","457.00","70600.00","--","428.00","0.62"
"115/08/20","115","2","8039","台虹","5111593.00","3955859.00","--","--","1155734.00","--","--","1155734.00","836427.00","--","319307.00","211139.00","530446.00","114004.00","416442.00","--","--","416442.00","381413.00","--","797855.00","411845.00","--","4597.00","794347.00","--","3508.00","1.56"
"115/08/20","115","2","8045","達運光電","917730.00","670282.00","--","--","247448.00","--","--","247448.00","216218.00","--","31230.00","1907.00","33137.00","9731.00","23406.00","--","--","23406.00","2611.00","--","26017.00","23715.00","--","-309.00","26336.00","--","-319.00","0.25"
"115/08/20","115","2","8046","南電","24752716.00","19621661.00","--","--","5131055.00","--","--","5131055.00","879450.00","--","4251605.00","322224.00","4573829.00","1003419.00","3570410.00","--","--","3570410.00","859921.00","--","4430331.00","3570410.00","--","--","4430331.00","--","--","5.53"
"115/08/20","115","2","8070","長華*","11551609.00","9375090.00","--","--","2176519.00","--","--","2176519.00","789677.00","--","1386842.00","373572.00","1760414.00","326601.00","1433813.00","--","--","1433813.00","9823459.00","--","11257272.00","912291.00","--","521522.00","10115297.00","--","1141975.00","1.30"
"115/08/20","115","2","8072","陞泰","742809.00","619400.00","--","--","123409.00","--","--","123409.00","77374.00","--","46035.00","36596.00","82631.00","18180.00","64451.00","--","--","64451.00","7692.00","--","72143.00","55134.00","--","9317.00","62484.00","--","9659.00","0.69"
"115/08/20","115","2","8081","致新","4348946.00","2608390.00","--","--","1740556.00","--","--","1740556.00","918407.00","--","822149.00","91627.00","913776.00","114441.00","799335.00","--","--","799335.00","954557.00","--","1753892.00","781950.00","--","17385.00","1365865.00","--","388027.00","9.13"
"115/08/20","115","2","8101","華冠","186766.00","175722.00","--","--","11044.00","--","--","11044.00","77467.00","114.00","-66309.00","-11272.00","-77581.00","-1091.00","-76490.00","--","--","-76490.00","2157.00","--","-74333.00","-74313.00","--","-2177.00","-70595.00","--","-3738.00","-1.46"
"115/08/20","115","2","8103","瀚荃","2007554.00","1255984.00","--","--","751570.00","--","--","751570.00","444074.00","--","307496.00","-20299.00","287197.00","73660.00","213537.00","--","--","213537.00","165439.00","--","378976.00","214166.00","--","-629.00","379675.00","--","-699.00","2.75"
"115/08/20","115","2","8104","錸寶","1265867.00","1018569.00","--","--","247298.00","--","--","247298.00","239223.00","--","8075.00","-36966.00","-28891.00","4041.00","-32932.00","--","--","-32932.00","220582.00","--","187650.00","-22310.00","--","-10622.00","196878.00","--","-9228.00","-0.21"
"115/08/20","115","2","8110","華東","3913114.00","3538596.00","--","--","374518.00","--","--","374518.00","267271.00","--","107247.00","1303301.00","1410548.00","87560.00","1322988.00","--","--","1322988.00","6173006.00","--","7495994.00","1328935.00","--","-5947.00","7501941.00","--","-5947.00","2.59"
"115/08/20","115","2","8112","至上","260775359.00","250856752.00","--","--","9918607.00","--","--","9918607.00","1670748.00","--","8247859.00","-1470888.00","6776971.00","1640662.00","5136309.00","--","--","5136309.00","200293.00","--","5336602.00","4997831.00","--","138478.00","5180790.00","--","155812.00","9.45"
"115/08/20","115","2","8114","振樺電","8721791.00","5013979.00","--","--","3707812.00","0.00","--","3707812.00","2114665.00","--","1593147.00","60763.00","1653910.00","375046.00","1278864.00","--","--","1278864.00","69368.00","--","1348232.00","762478.00","--","516386.00","810345.00","--","537887.00","7.09"
"115/08/20","115","2","8131","福懋科","6101868.00","4906159.00","--","--","1195709.00","--","--","1195709.00","236535.00","--","959174.00","97667.00","1056841.00","201487.00","855354.00","--","--","855354.00","2737993.00","--","3593347.00","--","--","--","--","--","--","1.93"
"115/08/20","115","2","8150","南茂","14318724.00","12037613.00","--","--","2281111.00","--","--","2281111.00","938313.00","124901.00","1467699.00","157341.00","1625040.00","228491.00","1396549.00","--","--","1396549.00","306161.00","--","1702710.00","1396549.00","--","--","1702710.00","--","--","2.00"
"115/08/20","115","2","8162","微矽電子-創","616873.00","491893.00","--","--","124980.00","--","--","124980.00","82167.00","--","42813.00","3784.00","46597.00","1157.00","45440.00","--","--","45440.00","16254.00","--","61694.00","--","--","--","--","--","--","0.66"
"115/08/20","115","2","8163","達方","13541859.00","11212238.00","--","--","2329621.00","--","--","2329621.00","2102376.00","--","227245.00","-62269.00","164976.00","71865.00","93111.00","--","--","93111.00","712952.00","--","806063.00","143128.00","--","-50017.00","835905.00","--","-29842.00","0.51"
"115/08/20","115","2","8201","無敵","235995.00","170055.00","--","--","65940.00","--","--","65940.00","82618.00","--","-16678.00","10322.00","-6356.00","0.00","-6356.00","--","--","-6356.00","-8475.00","--","-14831.00","-6356.00","--","--","-14831.00","--","--","-0.10"
"115/08/20","115","2","8210","勤誠","14928332.00","10041945.00","--","--","4886387.00","--","--","4886387.00","1201990.00","20832.00","3705229.00","-9699.00","3695530.00","926596.00","2768934.00","--","--","2768934.00","334079.00","--","3103013.00","2718744.00","--","50190.00","3052823.00","--","50190.00","21.83"
"115/08/20","115","2","8213","志超","10149114.00","9031561.00","--","--","1117553.00","--","--","1117553.00","757807.00","--","359746.00","7464.00","367210.00","117290.00","249920.00","--","--","249920.00","871761.00","--","1121681.00","253200.00","--","-3280.00","1099407.00","--","22274.00","0.93"
"115/08/20","115","2","8215","明基材","9491823.00","8211094.00","--","--","1280729.00","--","--","1280729.00","1624254.00","--","-343525.00","87219.00","-256306.00","22904.00","-279210.00","--","--","-279210.00","76999.00","--","-202211.00","-306651.00","--","27441.00","-233765.00","--","31554.00","-0.96"
"115/08/20","115","2","8222","寶一","482007.00","354766.00","--","--","127241.00","--","--","127241.00","55728.00","--","71513.00","-1295.00","70218.00","14073.00","56145.00","--","--","56145.00","--","--","56145.00","--","--","--","--","--","--","0.82"
"115/08/20","115","2","8249","菱光","1985684.00","1667877.00","--","--","317807.00","--","--","317807.00","179944.00","--","137863.00","-29293.00","108570.00","43119.00","65451.00","--","--","65451.00","-461727.00","--","-396276.00","65526.00","--","-75.00","-397050.00","--","774.00","0.60"
"115/08/20","115","2","8261","富鼎","1658276.00","1060577.00","--","--","597699.00","--","--","597699.00","201513.00","--","396186.00","62127.00","458313.00","92545.00","365768.00","--","--","365768.00","2813.00","--","368581.00","365265.00","--","503.00","368083.00","--","498.00","3.07"
"115/08/20","115","2","8271","宇瞻","16718334.00","8289768.00","--","--","8428566.00","--","--","8428566.00","2621911.00","--","5806655.00","-16529.00","5790126.00","1136449.00","4653677.00","--","--","4653677.00","20265.00","--","4673942.00","4575826.00","--","77851.00","4596073.00","--","77869.00","35.51"
"115/08/20","115","2","8341","日友","2212153.00","1169405.00","--","--","1042748.00","--","--","1042748.00","383285.00","--","659463.00","1387.00","660850.00","211579.00","449271.00","--","--","449271.00","155817.00","--","605088.00","386563.00","--","62708.00","542380.00","--","62708.00","2.97"
"115/08/20","115","2","8367","建新國際","1618422.00","1167677.00","--","--","450745.00","--","--","450745.00","182689.00","--","268056.00","-77896.00","190160.00","37935.00","152225.00","--","--","152225.00","-13016.00","--","139209.00","90313.00","--","61912.00","82157.00","--","57052.00","0.98"
"115/08/20","115","2","8374","羅昇","3007497.00","2286038.00","--","--","721459.00","--","--","721459.00","482943.00","--","238516.00","-7869.00","230647.00","55945.00","174702.00","--","--","174702.00","25524.00","--","200226.00","99805.00","--","74897.00","123978.00","--","76248.00","0.89"
"115/08/20","115","2","8422","可寧衛*","3381687.00","2124991.00","--","--","1256696.00","--","--","1256696.00","320954.00","--","935742.00","-44370.00","891372.00","211852.00","679520.00","--","--","679520.00","-1615.00","--","677905.00","739899.00","--","-60379.00","738284.00","--","-60379.00","0.55"
"115/08/20","115","2","8438","昶昕","2491826.00","2135012.00","--","--","356814.00","--","--","356814.00","155195.00","--","201619.00","4998.00","206617.00","55543.00","151074.00","--","--","151074.00","21253.00","--","172327.00","151074.00","--","--","172327.00","--","--","2.16"
"115/08/20","115","2","8443","阿瘦","520148.00","238109.00","--","--","282039.00","--","--","282039.00","364994.00","--","-82955.00","42358.00","-40597.00","0.00","-40597.00","--","--","-40597.00","--","--","-40597.00","-40597.00","--","0.00","-40597.00","--","0.00","-0.61"
"115/08/20","115","2","8454","富邦媒","53686216.00","48780074.00","--","--","4906142.00","--","--","4906142.00","3363970.00","38886.00","1581058.00","34798.00","1615856.00","340297.00","1275559.00","--","--","1275559.00","-24868.00","--","1250691.00","1273354.00","--","2205.00","1248486.00","--","2205.00","4.81"
"115/08/20","115","2","8462","柏文","3401716.00","2228947.00","--","--","1172769.00","--","--","1172769.00","574301.00","--","598468.00","-30410.00","568058.00","114455.00","453603.00","--","--","453603.00","1205.00","--","454808.00","450674.00","--","2929.00","451879.00","--","2929.00","5.68"
"115/08/20","115","2","8463","潤泰材","3417484.00","2942517.00","--","--","474967.00","--","--","474967.00","205480.00","--","269487.00","26655.00","296142.00","42426.00","253716.00","--","--","253716.00","-35341.00","--","218375.00","156211.00","--","97505.00","126728.00","--","91647.00","1.04"
"115/08/20","115","2","8464","億豐","15232911.00","6163498.00","--","--","9069413.00","--","--","9069413.00","4855814.00","--","4213599.00","302610.00","4516209.00","1299414.00","3216795.00","--","--","3216795.00","453627.00","--","3670422.00","3037997.00","--","178798.00","3499190.00","--","171232.00","10.37"
"115/08/20","115","2","8473","山林水","2370577.00","1594145.00","--","--","776432.00","--","--","776432.00","150309.00","--","626123.00","-56054.00","570069.00","107111.00","462958.00","--","--","462958.00","-18328.00","--","444630.00","440154.00","--","22804.00","424056.00","--","20574.00","2.43"
"115/08/20","115","2","8476","台境*","664075.00","562894.00","--","--","101181.00","--","--","101181.00","62227.00","--","38954.00","-4919.00","34035.00","13189.00","20846.00","--","--","20846.00","3989.00","--","24835.00","19061.00","--","1785.00","23050.00","--","1785.00","0.12"
"115/08/20","115","2","8478","東哥遊艇","2578067.00","1549008.00","--","--","1029059.00","--","--","1029059.00","403846.00","--","625213.00","32368.00","657581.00","60524.00","597057.00","--","--","597057.00","112307.00","--","709364.00","597057.00","--","--","709364.00","--","--","6.35"
"115/08/20","115","2","8481","政伸","585722.00","316210.00","--","--","269512.00","--","--","269512.00","158398.00","--","111114.00","12293.00","123407.00","18047.00","105360.00","--","--","105360.00","30741.00","--","136101.00","105360.00","--","--","136101.00","--","--","1.58"
"115/08/20","115","2","8487","愛爾達-創","856244.00","668590.00","--","--","187654.00","--","--","187654.00","81127.00","--","106527.00","2469.00","108996.00","21515.00","87481.00","--","--","87481.00","--","--","87481.00","--","--","--","--","--","--","3.30"
"115/08/20","115","2","8926","台汽電","34488245.00","31428353.00","--","--","3059892.00","--","314866.00","3374758.00","554048.00","--","2820710.00","894262.00","3714972.00","538697.00","3176275.00","--","--","3176275.00","6508.00","--","3182783.00","2461987.00","--","714288.00","2470064.00","--","712719.00","3.27"
"115/08/20","115","2","8940","新天地","925894.00","470778.00","--","--","455116.00","--","--","455116.00","362874.00","--","92242.00","-3108.00","89134.00","17589.00","71545.00","--","--","71545.00","--","--","71545.00","64113.00","--","7432.00","64113.00","--","7432.00","0.95"
"115/08/20","115","2","8996","高力","5728203.00","4135555.00","--","--","1592648.00","--","--","1592648.00","585434.00","--","1007214.00","45689.00","1052903.00","246399.00","806504.00","--","--","806504.00","342257.00","--","1148761.00","806504.00","--","--","1148761.00","--","--","8.69"
"115/08/20","115","2","9802","鈺齊-KY","8933111.00","7617831.00","--","--","1315280.00","--","--","1315280.00","865509.00","--","449771.00","9423.00","459194.00","102525.00","356669.00","--","--","356669.00","107777.00","--","464446.00","357397.00","--","-728.00","465161.00","--","-715.00","1.78"
"115/08/20","115","2","9902","台火","42773.00","32107.00","--","--","10666.00","--","--","10666.00","17285.00","--","-6619.00","105879.00","99260.00","-74.00","99334.00","--","--","99334.00","--","--","99334.00","99126.00","--","208.00","99126.00","--","208.00","1.01"
"115/08/20","115","2","9904","寶成","126089569.00","99493251.00","--","--","26596318.00","--","--","26596318.00","23754307.00","--","2842011.00","6564301.00","9406312.00","955693.00","8450619.00","--","--","8450619.00","50685022.00","--","59135641.00","6982848.00","--","1467771.00","55719610.00","--","3416031.00","2.37"
"115/08/20","115","2","9905","大華","5059458.00","4485220.00","--","--","574238.00","--","--","574238.00","255251.00","--","318987.00","53673.00","372660.00","100078.00","272582.00","--","--","272582.00","478730.00","--","751312.00","270990.00","--","1592.00","738923.00","--","12389.00","0.89"
"115/08/20","115","2","9906","欣巴巴","1136617.00","707662.00","--","--","428955.00","--","--","428955.00","176193.00","--","252762.00","-21721.00","231041.00","59321.00","171720.00","--","--","171720.00","--","--","171720.00","171720.00","--","--","171720.00","--","--","1.90"
"115/08/20","115","2","9907","統一實","21174637.00","18893402.00","--","--","2281235.00","--","--","2281235.00","1367688.00","--","913547.00","13551.00","927098.00","414553.00","512545.00","--","--","512545.00","828948.00","--","1341493.00","550294.00","--","-37749.00","1342854.00","--","-1361.00","0.35"
"115/08/20","115","2","9908","大台北","1790415.00","1375548.00","--","--","414867.00","--","--","414867.00","132397.00","-833.00","281637.00","383065.00","664702.00","78693.00","586009.00","--","--","586009.00","880585.00","--","1466594.00","551768.00","--","34241.00","1364722.00","--","101872.00","1.10"
"115/08/20","115","2","9910","豐泰","39614623.00","32309748.00","--","--","7304875.00","--","--","7304875.00","5329342.00","--","1975533.00","393013.00","2368546.00","667615.00","1700931.00","--","--","1700931.00","245327.00","--","1946258.00","1687937.00","--","12994.00","1896750.00","--","49508.00","1.71"
"115/08/20","115","2","9911","櫻花","5496579.00","3548930.00","--","--","1947649.00","--","--","1947649.00","1087552.00","--","860097.00","26169.00","886266.00","177626.00","708640.00","--","--","708640.00","-16068.00","--","692572.00","712681.00","--","-4041.00","696613.00","--","-4041.00","3.26"
"115/08/20","115","2","9912","偉聯","235956.00","131593.00","--","--","104363.00","--","--","104363.00","129099.00","--","-24736.00","-2043.00","-26779.00","1069.00","-27848.00","--","--","-27848.00","-3052.00","--","-30900.00","-23142.00","--","-4706.00","-26194.00","--","-4706.00","-0.43"
"115/08/20","115","2","9914","美利達","12261752.00","10130571.00","--","--","2131181.00","--","60788.00","2191969.00","1149145.00","--","1042824.00","-166698.00","876126.00","210801.00","665325.00","--","--","665325.00","181375.00","--","846700.00","643834.00","--","21491.00","819718.00","--","26982.00","2.15"
"115/08/20","115","2","9917","中保科","9540819.00","6351946.00","--","--","3188873.00","--","--","3188873.00","1522571.00","--","1666302.00","174834.00","1841136.00","320124.00","1521012.00","--","--","1521012.00","-27835.00","--","1493177.00","1485442.00","--","35570.00","1461408.00","--","31769.00","3.35"
"115/08/20","115","2","9918","欣天然","1169443.00","795717.00","--","--","373726.00","--","--","373726.00","155499.00","--","218227.00","160585.00","378812.00","43859.00","334953.00","--","--","334953.00","--","--","334953.00","334953.00","--","--","334953.00","--","--","1.88"
"115/08/20","115","2","9919","康那香","1316764.00","1227347.00","--","--","89417.00","--","--","89417.00","346320.00","--","-256903.00","-1198.00","-258101.00","310.00","-258411.00","--","--","-258411.00","16202.00","--","-242209.00","-258411.00","--","--","-242209.00","--","--","-1.32"
"115/08/20","115","2","9921","巨大","29188289.00","22689745.00","--","--","6498544.00","--","--","6498544.00","5689588.00","--","808956.00","16324.00","825280.00","255190.00","570090.00","--","--","570090.00","660778.00","--","1230868.00","435055.00","--","135035.00","982668.00","--","248200.00","1.11"
"115/08/20","115","2","9924","福興","3342966.00","2693370.00","--","--","649596.00","--","--","649596.00","470463.00","--","179133.00","37770.00","216903.00","44990.00","171913.00","--","--","171913.00","42392.00","--","214305.00","167827.00","--","4086.00","210219.00","--","4086.00","1.11"
"115/08/20","115","2","9925","新保","4182224.00","2859808.00","--","--","1322416.00","--","--","1322416.00","912000.00","--","410416.00","503053.00","913469.00","125935.00","787534.00","--","--","787534.00","1610126.00","--","2397660.00","744064.00","--","43470.00","2240588.00","--","157072.00","1.93"
"115/08/20","115","2","9926","新海","1320847.00","966852.00","--","--","353995.00","--","--","353995.00","116247.00","2003.00","239751.00","105881.00","345632.00","57205.00","288427.00","--","--","288427.00","292992.00","--","581419.00","288427.00","--","--","581419.00","--","--","1.61"
"115/08/20","115","2","9927","泰銘","4748442.00","4330838.00","--","--","417604.00","--","--","417604.00","113573.00","--","304031.00","34788.00","338819.00","65757.00","273062.00","--","--","273062.00","12485.00","--","285547.00","271926.00","--","1136.00","284603.00","--","944.00","2.27"
"115/08/20","115","2","9928","中視","429253.00","426355.00","--","--","2898.00","--","--","2898.00","84197.00","--","-81299.00","21956.00","-59343.00","0.00","-59343.00","--","--","-59343.00","-4092.00","--","-63435.00","-59343.00","--","0.00","-63435.00","--","0.00","-0.84"
"115/08/20","115","2","9929","秋雨","336728.00","258406.00","--","--","78322.00","--","--","78322.00","42761.00","--","35561.00","8003.00","43564.00","--","43564.00","--","--","43564.00","32260.00","--","75824.00","40530.00","--","3034.00","72790.00","--","3034.00","0.40"
"115/08/20","115","2","9930","中聯資源","6669038.00","5719832.00","--","--","949206.00","--","--","949206.00","296603.00","--","652603.00","27500.00","680103.00","132456.00","547647.00","--","--","547647.00","51782.00","--","599429.00","536705.00","--","10942.00","585014.00","--","14415.00","2.16"
"115/08/20","115","2","9931","欣高","856889.00","702703.00","--","--","154186.00","--","--","154186.00","52918.00","--","101268.00","122021.00","223289.00","40016.00","183273.00","--","--","183273.00","637879.00","--","821152.00","177602.00","--","5671.00","794485.00","--","26667.00","1.48"
"115/08/20","115","2","9933","中鼎","37719993.00","32670985.00","--","--","5049008.00","--","--","5049008.00","1087712.00","--","3961296.00","288504.00","4249800.00","1280957.00","2968843.00","--","--","2968843.00","159069.00","--","3127912.00","2458302.00","--","510541.00","2613658.00","--","514254.00","2.71"
"115/08/20","115","2","9934","成霖","9508532.00","6053498.00","--","--","3455034.00","--","--","3455034.00","2972241.00","--","482793.00","-34275.00","448518.00","143737.00","304781.00","--","--","304781.00","149886.00","--","454667.00","304781.00","--","0.00","454667.00","--","0.00","0.74"
"115/08/20","115","2","9935","慶豐富","2557547.00","1838148.00","--","--","719399.00","--","--","719399.00","422194.00","--","297205.00","-25045.00","272160.00","75016.00","197144.00","--","--","197144.00","56344.00","--","253488.00","197144.00","--","--","253488.00","--","--","1.12"
"115/08/20","115","2","9937","全國","11739956.00","10327663.00","--","--","1412293.00","--","--","1412293.00","990551.00","--","421742.00","80862.00","502604.00","101453.00","401151.00","--","--","401151.00","-4842.00","--","396309.00","401151.00","--","0.00","396309.00","--","0.00","1.30"
"115/08/20","115","2","9938","百和","7842291.00","5428432.00","--","--","2413859.00","--","--","2413859.00","1512103.00","--","901756.00","-240962.00","660794.00","238591.00","422203.00","--","--","422203.00","339017.00","--","761220.00","405679.00","--","16524.00","611556.00","--","149664.00","1.36"
"115/08/20","115","2","9939","宏全","15483887.00","11587904.00","--","--","3895983.00","--","--","3895983.00","1385414.00","--","2510569.00","-77944.00","2432625.00","454223.00","1978402.00","--","--","1978402.00","-520898.00","--","1457504.00","1937260.00","--","41142.00","1543852.00","--","-86348.00","6.55"
"115/08/20","115","2","9940","信義","5935881.00","4404228.00","--","--","1531653.00","--","--","1531653.00","944587.00","--","587066.00","85266.00","672332.00","176968.00","495364.00","--","--","495364.00","314890.00","--","810254.00","488710.00","--","6654.00","803600.00","--","6654.00","0.66"
"115/08/20","115","2","9941","裕融","19551237.00","11129969.00","--","--","8421268.00","--","--","8421268.00","5532718.00","--","2888550.00","35621.00","2924171.00","620469.00","2303702.00","--","--","2303702.00","329832.00","--","2633534.00","2340779.00","--","-37077.00","2670611.00","--","-37077.00","3.86"
"115/08/20","115","2","9942","茂順","2289301.00","1373745.00","--","--","915556.00","--","-3446.00","912110.00","346243.00","--","565867.00","30720.00","596587.00","200855.00","395732.00","--","--","395732.00","75503.00","--","471235.00","395826.00","--","-94.00","471463.00","--","-228.00","4.76"
"115/08/20","115","2","9943","好樂迪","1173501.00","576249.00","--","--","597252.00","--","--","597252.00","423689.00","--","173563.00","87837.00","261400.00","40373.00","221027.00","--","--","221027.00","--","--","221027.00","219344.00","--","1683.00","219344.00","--","1683.00","2.59"
"115/08/20","115","2","9944","新麗","1391971.00","928052.00","--","--","463919.00","--","--","463919.00","305331.00","--","158588.00","40822.00","199410.00","75450.00","123960.00","--","--","123960.00","27305.00","--","151265.00","111339.00","--","12621.00","142758.00","--","8507.00","1.05"
"115/08/20","115","2","9945","潤泰新","22517460.00","16622733.00","--","--","5894727.00","--","--","5894727.00","1368065.00","--","4526662.00","7489369.00","12016031.00","781649.00","11234382.00","--","--","11234382.00","60160575.00","--","71394957.00","10082086.00","--","1152296.00","70382136.00","--","1012821.00","3.70"
"115/08/20","115","2","9946","三發地產","2645210.00","1229683.00","--","--","1415527.00","--","--","1415527.00","217947.00","--","1197580.00","-34183.00","1163397.00","245108.00","918289.00","--","--","918289.00","-1440.00","--","916849.00","918289.00","--","--","916849.00","--","--","2.84"
"115/08/20","115","2","9955","佳龍","847802.00","781878.00","--","--","65924.00","--","--","65924.00","65500.00","--","424.00","100516.00","100940.00","0.00","100940.00","--","--","100940.00","3269.00","--","104209.00","100940.00","--","0.00","104209.00","--","0.00","0.97"
"115/08/20","115","2","9958","世紀鋼","10181024.00","7543324.00","--","--","2637700.00","--","--","2637700.00","430444.00","--","2207256.00","833.00","2208089.00","511516.00","1696573.00","--","--","1696573.00","-44402.00","--","1652171.00","1007217.00","--","689356.00","961403.00","--","690768.00","4.08"
